Yellow Line,FFF9E300,3 , 10 , 14 , 14 , 13 , 12 , 12 , 12 , 12 , 14 , 14 , 14 , 14 , 14 , 12 , 12 , 12 , 12 , 4 , 25 , 35 , 18 , 10 , 26 , 24 , 5 , 21 , 37 , 38 , 123 , 45 , 30 , 42 , 26 , 11 , 12 , 18 , 34
Purple Line,FF522398,6 , 11 , 14 , 13 , 13 , 13 , 13 , 13 , 13 , 14 , 15 , 16 , 15 , 14 , 13 , 12 , 12 , 12 , 11 , 15 , 55 , 80 , 52 , 69 , 32 , 29 , 32 , 25 , 41 , 51 , 84 , 92 , 53 , 84 , 32 , 10 , 9 , 64
Purple Line,FF522398,6 , 13 , 14 , 13 , 14 , 13 , 14 , 13 , 13 , 14 , 15 , 16 , 15 , 15 , 13 , 12 , 12 , 12 , 11 , 25 , 83 , 107 , 87 , 115 , 46 , 25 , 49 , 41 , 57 , 65 , 88 , 85 , 74 , 143 , 43 , 13 , 13 , 102
Purple Line,FF522398,7 , 13 , 14 , 13 , 14 , 12 , 14 , 13 , 13 , 14 , 15 , 15 , 15 , 15 , 13 , 12 , 12 , 12 , 10 , 24 , 87 , 124 , 94 , 130 , 31 , 19 , 27 , 23 , 56 , 54 , 92 , 88 , 77 , 143 , 42 , 12 , 13 , 106
Blue Line,FF00A1DE,7 , 16 , 22 , 26 , 23 , 21 , 20 , 20 , 20 , 21 , 22 , 22 , 22 , 21 , 19 , 17 , 16 , 15 , 14 , 100 , 110 , 63 , 60 , 78 , 63 , 54 , 84 , 75 , 117 , 115 , 91 , 93 , 98 , 150 , 167 , 93 , 133 , 84
Blue Line,FF00A1DE,8 , 16 , 22 , 27 , 23 , 21 , 20 , 20 , 20 , 21 , 22 , 22 , 22 , 21 , 19 , 17 , 16 , 15 , 14 , 108 , 117 , 65 , 61 , 77 , 66 , 52 , 86 , 73 , 124 , 122 , 95 , 100 , 105 , 161 , 183 , 102 , 140 , 91
Blue Line,FF00A1DE,9 , 17 , 24 , 27 , 22 , 21 , 20 , 20 , 20 , 21 , 22 , 22 , 22 , 21 , 18 , 17 , 16 , 15 , 13 , 123 , 124 , 67 , 60 , 70 , 67 , 48 , 83 , 63 , 130 , 131 , 99 , 116 , 116 , 171 , 169 , 84 , 167 , 90
Blue Line,FF00A1DE,12 , 17 , 25 , 26 , 22 , 20 , 20 , 20 , 20 , 21 , 22 , 22 , 22 , 20 , 18 , 17 , 16 , 15 , 13 , 94 , 111 , 61 , 69 , 66 , 55 , 45 , 73 , 52 , 131 , 143 , 102 , 121 , 105 , 124 , 118 , 42 , 188 , 102
Blue Line,FF00A1DE,14 , 18 , 27 , 25 , 21 , 20 , 20 , 20 , 20 , 22 , 22 , 22 , 22 , 20 , 18 , 17 , 16 , 15 , 13 , 28 , 77 , 50 , 84 , 75 , 41 , 16 , 64 , 32 , 76 , 124 , 82 , 97 , 44 , 44 , 48 , 27 , 180 , 50
Blue Line,FF00A1DE,9 , 16 , 19 , 22 , 22 , 20 , 20 , 20 , 20 , 20 , 22 , 24 , 27 , 23 , 20 , 17 , 16 , 15 , 14 , 50 , 125 , 80 , 72 , 84 , 74 , 70 , 90 , 89 , 64 , 54 , 59 , 53 , 61 , 53 , 88 , 72 , 102 , 103
Blue Line,FF00A1DE,10 , 16 , 19 , 22 , 22 , 20 , 20 , 20 , 20 , 20 , 22 , 24 , 27 , 22 , 19 , 17 , 16 , 15 , 13 , 44 , 134 , 75 , 74 , 90 , 68 , 73 , 92 , 83 , 64 , 48 , 58 , 51 , 60 , 53 , 94 , 63 , 94 , 86
Blue Line,FF00A1DE,14 , 17 , 20 , 20 , 20 , 20 , 20 , 20 , 20 , 20 , 22 , 26 , 26 , 22 , 18 , 17 , 16 , 15 , 13 , 30 , 103 , 64 , 78 , 109 , 60 , 116 , 106 , 98 , 41 , 31 , 48 , 53 , 73 , 54 , 81 , 34 , 92 , 50
Blue Line,FF00A1DE,12 , 17 , 20 , 22 , 21 , 20 , 20 , 20 , 20 , 20 , 22 , 25 , 27 , 22 , 19 , 17 , 16 , 15 , 13 , 39 , 140 , 76 , 72 , 94 , 75 , 81 , 90 , 84 , 70 , 42 , 52 , 49 , 59 , 52 , 92 , 47 , 110 , 75
Blue Line,FF00A1DE,9 , 16 , 24 , 27 , 22 , 21 , 20 , 20 , 20 , 21 , 22 , 22 , 22 , 21 , 19 , 17 , 16 , 15 , 13 , 120 , 123 , 66 , 60 , 70 , 67 , 51 , 82 , 66 , 128 , 129 , 98 , 113 , 117 , 171 , 174 , 90 , 164 , 93
Blue Line,FF00A1DE,10 , 16 , 19 , 22 , 22 , 20 , 20 , 20 , 20 , 20 , 22 , 24 , 27 , 23 , 19 , 17 , 16 , 15 , 13 , 47 , 133 , 76 , 74 , 89 , 71 , 72 , 92 , 85 , 64 , 50 , 57 , 50 , 61 , 53 , 93 , 66 , 93 , 88
Brown Line,FF62361B,6 , 12 , 18 , 23 , 20 , 18 , 17 , 17 , 18 , 19 , 20 , 21 , 23 , 21 , 18 , 17 , 17 , 16 , 15 , 163 , 76 , 80 , 64 , 56 , 85 , 83 , 55 , 85 , 85 , 43 , 71 , 60 , 63 , 66 , 45 , 54 , 59 , 55
Brown Line,FF62361B,6 , 12 , 18 , 23 , 20 , 18 , 17 , 17 , 18 , 19 , 20 , 21 , 23 , 21 , 18 , 17 , 17 , 16 , 15 , 170 , 79 , 82 , 64 , 56 , 87 , 81 , 56 , 86 , 85 , 43 , 72 , 61 , 64 , 68 , 45 , 56 , 60 , 56
Brown Line,FF62361B,7 , 12 , 19 , 24 , 20 , 18 , 17 , 17 , 18 , 20 , 20 , 21 , 24 , 21 , 18 , 17 , 17 , 16 , 15 , 188 , 88 , 83 , 64 , 51 , 96 , 68 , 63 , 82 , 78 , 46 , 64 , 59 , 64 , 66 , 48 , 60 , 49 , 54
Brown Line,FF62361B,8 , 13 , 20 , 24 , 19 , 18 , 17 , 17 , 18 , 20 , 20 , 21 , 24 , 20 , 17 , 17 , 17 , 16 , 15 , 206 , 91 , 78 , 67 , 49 , 89 , 56 , 65 , 74 , 71 , 39 , 65 , 57 , 65 , 65 , 49 , 56 , 46 , 47
Brown Line,FF62361B,11 , 14 , 22 , 24 , 19 , 17 , 17 , 17 , 19 , 20 , 20 , 22 , 24 , 19 , 17 , 17 , 17 , 16 , 15 , 141 , 119 , 85 , 63 , 49 , 103 , 62 , 74 , 78 , 30 , 15 , 56 , 59 , 47 , 63 , 54 , 45 , 38 , 42
Brown Line,FF62361B,12 , 16 , 23 , 23 , 19 , 17 , 17 , 17 , 19 , 20 , 20 , 22 , 23 , 19 , 17 , 17 , 17 , 16 , 15 , 200 , 177 , 73 , 59 , 48 , 134 , 74 , 71 , 81 , 18 , 9 , 63 , 60 , 50 , 89 , 75 , 59 , 35 , 47
Brown Line,FF62361B,7 , 14 , 19 , 22 , 21 , 18 , 17 , 17 , 18 , 19 , 20 , 21 , 23 , 22 , 18 , 17 , 17 , 16 , 15 , 142 , 103 , 74 , 61 , 62 , 88 , 99 , 51 , 86 , 62 , 22 , 77 , 62 , 54 , 76 , 52 , 46 , 68 , 53
Brown Line,FF62361B,12 , 16 , 23 , 23 , 19 , 17 , 17 , 17 , 19 , 20 , 20 , 22 , 24 , 19 , 17 , 17 , 17 , 16 , 15 , 192 , 164 , 74 , 60 , 53 , 124 , 72 , 72 , 80 , 18 , 8 , 61 , 60 , 47 , 84 , 69 , 55 , 45 , 47
Orange Line,FFF9461C,7 , 14 , 16 , 17 , 17 , 17 , 17 , 17 , 17 , 17 , 18 , 19 , 19 , 18 , 17 , 16 , 13 , 12 , 11 , 104 , 66 , 61 , 50 , 54 , 24 , 52 , 153 , 54 , 55 , 30 , 57 , 80 , 26 , 35 , 37 , 32 , 71 , 47
Orange Line,FFF9461C,9 , 14 , 16 , 17 , 17 , 17 , 17 , 17 , 17 , 17 , 18 , 20 , 19 , 18 , 17 , 15 , 13 , 12 , 11 , 126 , 78 , 65 , 43 , 43 , 18 , 18 , 146 , 44 , 47 , 28 , 62 , 83 , 15 , 31 , 37 , 36 , 75 , 49
Orange Line,FFF9461C,11 , 15 , 17 , 17 , 17 , 17 , 17 , 17 , 17 , 17 , 19 , 20 , 19 , 18 , 17 , 15 , 13 , 12 , 10 , 16 , 42 , 27 , 37 , 26 , 13 , 15 , 62 , 39 , 13 , 38 , 57 , 63 , 18 , 33 , 14 , 36 , 43 , 33
Purple Line,FF522398,6 , 11 , 14 , 13 , 13 , 13 , 13 , 13 , 13 , 14 , 15 , 16 , 15 , 14 , 13 , 12 , 12 , 12 , 10 , 12 , 49 , 78 , 45 , 61 , 23 , 28 , 20 , 15 , 37 , 43 , 84 , 95 , 48 , 66 , 28 , 8 , 8 , 55
Purple Line,FF522398,6 , 12 , 16 , 18 , 17 , 16 , 15 , 15 , 16 , 16 , 17 , 18 , 19 , 18 , 16 , 14 , 14 , 13 , 12 , 78 , 64 , 91 , 54 , 61 , 50 , 43 , 80 , 55 , 62 , 47 , 71 , 81 , 43 , 59 , 35 , 32 , 43 , 63
Blue Line,FF00A1DE,9 , 16 , 24 , 27 , 23 , 21 , 20 , 20 , 20 , 21 , 22 , 22 , 22 , 21 , 19 , 17 , 16 , 15 , 13 , 116 , 121 , 67 , 60 , 71 , 66 , 54 , 83 , 66 , 133 , 128 , 100 , 112 , 115 , 171 , 181 , 93 , 163 , 90
Blue Line,FF00A1DE,11 , 17 , 25 , 27 , 22 , 20 , 20 , 20 , 20 , 21 , 22 , 22 , 22 , 20 , 18 , 17 , 16 , 15 , 13 , 101 , 115 , 63 , 64 , 67 , 55 , 49 , 80 , 53 , 127 , 144 , 106 , 128 , 112 , 147 , 133 , 60 , 182 , 95
Blue Line,FF00A1DE,12 , 18 , 26 , 26 , 22 , 20 , 20 , 20 , 20 , 22 , 22 , 22 , 22 , 20 , 18 , 17 , 16 , 15 , 13 , 52 , 93 , 57 , 73 , 65 , 53 , 20 , 67 , 53 , 128 , 142 , 91 , 114 , 78 , 78 , 95 , 27 , 206 , 95
Blue Line,FF00A1DE,14 , 19 , 27 , 24 , 21 , 20 , 20 , 20 , 20 , 22 , 22 , 22 , 22 , 20 , 18 , 17 , 16 , 15 , 13 , 6 , 70 , 49 , 86 , 77 , 23 , 16 , 63 , 17 , 62 , 126 , 85 , 78 , 33 , 8 , 40 , 28 , 153 , 25
Blue Line,FF00A1DE,11 , 17 , 20 , 22 , 21 , 20 , 20 , 20 , 20 , 20 , 22 , 25 , 27 , 22 , 19 , 17 , 16 , 15 , 13 , 41 , 143 , 77 , 71 , 95 , 72 , 79 , 88 , 81 , 65 , 46 , 56 , 50 , 62 , 55 , 84 , 51 , 106 , 85
Blue Line,FF00A1DE,7 , 15 , 19 , 23 , 23 , 20 , 20 , 20 , 20 , 20 , 21 , 23 , 27 , 23 , 20 , 17 , 16 , 16 , 14 , 60 , 130 , 83 , 68 , 82 , 92 , 58 , 90 , 89 , 66 , 68 , 61 , 54 , 57 , 52 , 95 , 94 , 96 , 126
Pink Line,FFE27EA6,6 , 13 , 15 , 16 , 16 , 15 , 15 , 15 , 15 , 15 , 16 , 17 , 17 , 16 , 15 , 14 , 13 , 13 , 12 , 119 , 93 , 95 , 69 , 105 , 69 , 113 , 137 , 106 , 94 , 87 , 71 , 110 , 76 , 75 , 71 , 68 , 89 , 80
Orange Line,FFF9461C,7 , 14 , 16 , 17 , 17 , 17 , 17 , 17 , 17 , 17 , 18 , 19 , 19 , 18 , 17 , 16 , 13 , 12 , 11 , 109 , 69 , 63 , 52 , 56 , 25 , 54 , 160 , 56 , 58 , 31 , 59 , 84 , 27 , 37 , 38 , 34 , 74 , 49
Brown Line,FF62361B,7 , 12 , 19 , 24 , 20 , 18 , 17 , 17 , 18 , 20 , 20 , 21 , 24 , 21 , 18 , 17 , 17 , 16 , 15 , 180 , 86 , 83 , 63 , 52 , 95 , 71 , 62 , 84 , 80 , 46 , 63 , 59 , 64 , 66 , 49 , 60 , 53 , 55
Brown Line,FF62361B,8 , 13 , 19 , 24 , 19 , 18 , 17 , 17 , 18 , 20 , 20 , 21 , 24 , 20 , 17 , 17 , 17 , 16 , 15 , 203 , 89 , 80 , 67 , 51 , 90 , 59 , 65 , 75 , 73 , 41 , 65 , 57 , 65 , 64 , 47 , 58 , 48 , 48
Brown Line,FF62361B,9 , 13 , 20 , 24 , 19 , 17 , 17 , 17 , 19 , 20 , 20 , 21 , 24 , 20 , 17 , 17 , 17 , 16 , 15 , 202 , 96 , 79 , 65 , 47 , 90 , 56 , 67 , 73 , 63 , 31 , 63 , 58 , 63 , 65 , 49 , 52 , 46 , 45
Brown Line,FF62361B,11 , 15 , 23 , 24 , 19 , 17 , 17 , 17 , 19 , 20 , 20 , 22 , 24 , 19 , 17 , 17 , 17 , 16 , 15 , 153 , 135 , 82 , 62 , 51 , 105 , 65 , 74 , 78 , 20 , 8 , 57 , 58 , 46 , 71 , 60 , 49 , 39 , 45
Brown Line,FF62361B,13 , 16 , 23 , 23 , 19 , 17 , 17 , 17 , 19 , 20 , 20 , 23 , 23 , 19 , 17 , 17 , 17 , 16 , 15 , 215 , 193 , 67 , 55 , 49 , 143 , 76 , 70 , 74 , 17 , 10 , 65 , 56 , 48 , 95 , 74 , 47 , 25 , 46
Brown Line,FF62361B,6 , 12 , 18 , 23 , 20 , 18 , 17 , 17 , 18 , 19 , 20 , 21 , 23 , 21 , 18 , 17 , 17 , 16 , 15 , 169 , 78 , 82 , 64 , 57 , 87 , 83 , 56 , 86 , 86 , 44 , 72 , 61 , 64 , 67 , 46 , 55 , 60 , 56
Brown Line,FF62361B,10 , 14 , 22 , 24 , 19 , 17 , 17 , 17 , 19 , 20 , 20 , 22 , 24 , 20 , 17 , 17 , 17 , 16 , 15 , 146 , 116 , 86 , 64 , 49 , 100 , 60 , 73 , 78 , 34 , 16 , 57 , 59 , 47 , 62 , 52 , 45 , 38 , 43
Pink Line,FFE27EA6,7 , 14 , 16 , 16 , 16 , 15 , 15 , 15 , 15 , 16 , 16 , 17 , 17 , 16 , 15 , 14 , 13 , 13 , 12 , 126 , 90 , 99 , 68 , 110 , 66 , 104 , 145 , 110 , 97 , 92 , 73 , 113 , 73 , 79 , 73 , 72 , 93 , 83
Pink Line,FFE27EA6,9 , 14 , 16 , 16 , 16 , 15 , 15 , 15 , 15 , 16 , 16 , 18 , 17 , 16 , 15 , 14 , 13 , 13 , 12 , 128 , 85 , 95 , 61 , 107 , 62 , 77 , 161 , 114 , 98 , 96 , 71 , 110 , 62 , 70 , 72 , 79 , 92 , 75
Pink Line,FFE27EA6,9 , 14 , 16 , 16 , 16 , 15 , 15 , 15 , 15 , 16 , 16 , 18 , 17 , 16 , 15 , 14 , 13 , 13 , 12 , 121 , 81 , 90 , 65 , 114 , 67 , 73 , 160 , 118 , 100 , 101 , 68 , 110 , 62 , 70 , 76 , 85 , 101 , 72
Pink Line,FFE27EA6,11 , 14 , 16 , 16 , 16 , 15 , 15 , 15 , 15 , 16 , 16 , 16 , 16 , 15 , 14 , 14 , 14 , 13 , 12 , 97 , 58 , 93 , 77 , 143 , 69 , 110 , 139 , 168 , 127 , 142 , 76 , 114 , 86 , 95 , 87 , 109 , 99 , 80
Pink Line,FFE27EA6,13 , 14 , 16 , 16 , 16 , 15 , 15 , 15 , 15 , 16 , 16 , 17 , 16 , 15 , 14 , 14 , 14 , 13 , 13 , 76 , 61 , 83 , 52 , 130 , 63 , 80 , 107 , 178 , 129 , 114 , 94 , 124 , 85 , 104 , 113 , 116 , 103 , 96
Pink Line,FFE27EA6,9 , 14 , 16 , 16 , 16 , 15 , 15 , 15 , 15 , 16 , 16 , 18 , 17 , 16 , 15 , 14 , 13 , 13 , 12 , 126 , 78 , 97 , 61 , 107 , 65 , 71 , 160 , 110 , 94 , 94 , 71 , 107 , 60 , 70 , 71 , 79 , 93 , 70
Pink Line,FFE27EA6,11 , 14 , 16 , 16 , 16 , 15 , 15 , 15 , 15 , 16 , 16 , 16 , 16 , 15 , 14 , 14 , 14 , 13 , 12 , 90 , 56 , 93 , 75 , 142 , 90 , 104 , 136 , 160 , 120 , 145 , 77 , 114 , 89 , 91 , 86 , 106 , 96 , 78
Pink Line,FFE27EA6,12 , 14 , 16 , 16 , 16 , 15 , 15 , 15 , 15 , 16 , 16 , 17 , 16 , 15 , 14 , 14 , 14 , 13 , 12 , 76 , 63 , 85 , 69 , 145 , 73 , 93 , 126 , 182 , 110 , 121 , 69 , 121 , 86 , 104 , 102 , 114 , 108 , 87
Green Line,FF009B3A,5 , 13 , 15 , 16 , 16 , 15 , 14 , 15 , 15 , 16 , 17 , 18 , 17 , 16 , 14 , 13 , 13 , 12 , 11 , 112 , 85 , 72 , 73 , 79 , 59 , 84 , 104 , 50 , 65 , 34 , 64 , 69 , 55 , 50 , 61 , 68 , 71 , 111
Green Line,FF009B3A,5 , 13 , 16 , 17 , 16 , 15 , 15 , 15 , 16 , 16 , 17 , 18 , 18 , 17 , 15 , 14 , 13 , 13 , 12 , 121 , 92 , 78 , 79 , 85 , 64 , 91 , 112 , 54 , 70 , 36 , 69 , 75 , 60 , 54 , 66 , 73 , 77 , 120
Green Line,FF009B3A,7 , 14 , 16 , 17 , 16 , 15 , 15 , 15 , 16 , 16 , 18 , 18 , 18 , 16 , 14 , 14 , 14 , 12 , 12 , 7 , 23 , 48 , 69 , 39 , 19 , 71 , 62 , 35 , 41 , 32 , 55 , 37 , 32 , 29 , 32 , 56 , 44 , 135
Green Line,FF009B3A,7 , 14 , 16 , 17 , 16 , 15 , 15 , 16 , 16 , 16 , 17 , 18 , 18 , 17 , 15 , 14 , 13 , 12 , 12 , 121 , 68 , 74 , 69 , 80 , 50 , 54 , 118 , 53 , 70 , 37 , 62 , 70 , 51 , 45 , 59 , 74 , 78 , 142
Green Line,FF009B3A,4 , 12 , 15 , 17 , 16 , 15 , 14 , 15 , 15 , 16 , 17 , 18 , 18 , 17 , 16 , 14 , 13 , 12 , 12 , 215 , 90 , 109 , 91 , 117 , 147 , 164 , 149 , 125 , 142 , 142 , 86 , 92 , 130 , 103 , 76 , 163 , 156 , 93
Green Line,FF009B3A,6 , 12 , 15 , 17 , 16 , 15 , 14 , 14 , 15 , 16 , 17 , 17 , 19 , 17 , 16 , 14 , 13 , 13 , 12 , 188 , 102 , 109 , 96 , 142 , 172 , 207 , 186 , 136 , 140 , 127 , 82 , 90 , 147 , 125 , 85 , 203 , 110 , 60
Green Line,FF009B3A,4 , 7 , 8 , 8 , 8 , 7 , 7 , 7 , 8 , 8 , 8 , 9 , 9 , 8 , 8 , 6 , 8 , 6 , 6 , 281 , 231 , 361 , 103 , 691 , 442 , 873 , 838 , 379 , 245 , 393 , 141 , 96 , 433 , 431 , 423 , 404 , 32 , 28
Red Line,FFC60C30,9 , 18 , 22 , 27 , 23 , 22 , 23 , 23 , 23 , 24 , 25 , 26 , 26 , 24 , 22 , 22 , 21 , 21 , 20 , 50 , 86 , 65 , 52 , 87 , 66 , 56 , 60 , 58 , 44 , 45 , 63 , 52 , 44 , 56 , 34 , 55 , 46 , 75
Red Line,FFC60C30,10 , 19 , 23 , 27 , 22 , 22 , 23 , 23 , 23 , 24 , 25 , 26 , 26 , 24 , 22 , 22 , 21 , 21 , 20 , 52 , 84 , 67 , 53 , 90 , 70 , 58 , 63 , 58 , 45 , 44 , 63 , 52 , 45 , 57 , 33 , 53 , 48 , 77
Red Line,FFC60C30,11 , 19 , 23 , 27 , 22 , 22 , 23 , 23 , 23 , 24 , 25 , 26 , 26 , 24 , 22 , 22 , 21 , 21 , 20 , 54 , 79 , 67 , 53 , 92 , 71 , 57 , 62 , 53 , 44 , 43 , 59 , 51 , 43 , 56 , 33 , 49 , 45 , 79
Red Line,FFC60C30,12 , 19 , 24 , 27 , 22 , 22 , 23 , 23 , 23 , 24 , 25 , 26 , 26 , 24 , 22 , 22 , 21 , 21 , 19 , 52 , 73 , 64 , 53 , 95 , 70 , 61 , 59 , 49 , 47 , 39 , 53 , 50 , 41 , 54 , 32 , 49 , 41 , 79
Red Line,FFC60C30,14 , 19 , 24 , 27 , 22 , 22 , 23 , 23 , 23 , 24 , 26 , 26 , 26 , 24 , 22 , 22 , 21 , 21 , 19 , 61 , 62 , 52 , 52 , 86 , 66 , 53 , 49 , 44 , 53 , 44 , 41 , 49 , 36 , 55 , 29 , 41 , 45 , 81
Red Line,FFC60C30,15 , 19 , 25 , 26 , 22 , 22 , 23 , 23 , 23 , 24 , 26 , 26 , 26 , 24 , 22 , 22 , 21 , 21 , 19 , 60 , 64 , 48 , 53 , 74 , 61 , 43 , 44 , 41 , 48 , 42 , 39 , 45 , 39 , 50 , 17 , 38 , 48 , 86
Red Line,FFC60C30,16 , 19 , 26 , 26 , 22 , 22 , 23 , 23 , 23 , 25 , 26 , 26 , 25 , 24 , 22 , 22 , 21 , 21 , 19 , 22 , 67 , 46 , 54 , 59 , 29 , 43 , 42 , 29 , 37 , 51 , 45 , 36 , 39 , 47 , 14 , 43 , 45 , 94
Red Line,FFC60C30,10 , 19 , 20 , 21 , 22 , 22 , 23 , 23 , 23 , 23 , 25 , 28 , 31 , 25 , 23 , 22 , 21 , 20 , 20 , 123 , 79 , 78 , 72 , 65 , 49 , 118 , 60 , 82 , 68 , 58 , 68 , 55 , 93 , 107 , 61 , 68 , 55 , 59
Red Line,FFC60C30,11 , 20 , 20 , 21 , 22 , 22 , 23 , 23 , 23 , 24 , 25 , 29 , 31 , 24 , 23 , 22 , 21 , 20 , 20 , 133 , 84 , 76 , 70 , 65 , 49 , 136 , 65 , 82 , 66 , 50 , 73 , 58 , 98 , 87 , 74 , 62 , 54 , 60
Red Line,FFC60C30,14 , 20 , 20 , 21 , 22 , 22 , 23 , 23 , 23 , 24 , 26 , 29 , 30 , 24 , 22 , 22 , 21 , 20 , 20 , 133 , 92 , 74 , 48 , 58 , 39 , 122 , 63 , 73 , 68 , 38 , 79 , 63 , 82 , 73 , 72 , 58 , 46 , 55
Red Line,FFC60C30,15 , 20 , 20 , 21 , 23 , 22 , 23 , 23 , 23 , 24 , 26 , 30 , 30 , 23 , 23 , 22 , 21 , 20 , 20 , 67 , 76 , 56 , 46 , 43 , 33 , 94 , 41 , 42 , 59 , 46 , 74 , 66 , 68 , 50 , 68 , 54 , 19 , 55
Red Line,FFC60C30,17 , 21 , 21 , 22 , 23 , 22 , 24 , 24 , 23 , 24 , 26 , 32 , 29 , 23 , 23 , 22 , 21 , 21 , 20 , 0 , 63 , 51 , 1 , 34 , 1 , 1 , 0 , 13 , 11 , 2 , 83 , 94 , 17 , 5 , 0 , 0 , 14 , 61
Red Line,FFC60C30,10 , 18 , 23 , 27 , 23 , 22 , 23 , 23 , 23 , 24 , 25 , 26 , 26 , 24 , 22 , 22 , 21 , 21 , 20 , 52 , 89 , 67 , 54 , 90 , 68 , 58 , 62 , 60 , 45 , 46 , 65 , 53 , 45 , 58 , 35 , 57 , 48 , 77
Red Line,FFC60C30,12 , 19 , 23 , 27 , 22 , 22 , 23 , 23 , 23 , 24 , 25 , 26 , 26 , 24 , 22 , 22 , 21 , 21 , 19 , 52 , 75 , 65 , 53 , 94 , 71 , 60 , 60 , 49 , 46 , 40 , 55 , 50 , 42 , 54 , 32 , 49 , 42 , 79
Red Line,FFC60C30,13 , 19 , 24 , 27 , 22 , 22 , 23 , 23 , 23 , 24 , 25 , 26 , 26 , 24 , 22 , 22 , 21 , 21 , 19 , 51 , 69 , 59 , 51 , 94 , 67 , 57 , 54 , 48 , 48 , 40 , 50 , 49 , 39 , 56 , 30 , 46 , 41 , 79
Red Line,FFC60C30,14 , 19 , 25 , 27 , 22 , 22 , 23 , 23 , 23 , 24 , 26 , 26 , 26 , 24 , 22 , 22 , 21 , 21 , 19 , 61 , 62 , 51 , 52 , 84 , 66 , 47 , 47 , 43 , 54 , 44 , 42 , 49 , 36 , 55 , 28 , 42 , 47 , 80
Red Line,FFC60C30,16 , 19 , 25 , 26 , 22 , 22 , 23 , 23 , 23 , 24 , 26 , 26 , 25 , 24 , 22 , 22 , 21 , 21 , 19 , 57 , 65 , 48 , 53 , 70 , 58 , 41 , 43 , 39 , 47 , 41 , 38 , 45 , 40 , 49 , 15 , 37 , 47 , 90
Red Line,FFC60C30,7 , 18 , 20 , 21 , 22 , 22 , 22 , 23 , 23 , 23 , 25 , 28 , 31 , 26 , 23 , 22 , 21 , 20 , 20 , 151 , 62 , 76 , 77 , 76 , 65 , 100 , 64 , 74 , 74 , 56 , 66 , 52 , 78 , 102 , 73 , 64 , 66 , 58
Red Line,FFC60C30,13 , 20 , 20 , 21 , 22 , 22 , 23 , 23 , 23 , 24 , 26 , 29 , 30 , 24 , 23 , 22 , 21 , 20 , 20 , 130 , 89 , 73 , 53 , 62 , 43 , 126 , 64 , 69 , 67 , 45 , 78 , 60 , 92 , 73 , 74 , 60 , 57 , 59
Red Line,FFC60C30,16 , 21 , 21 , 21 , 23 , 22 , 23 , 23 , 23 , 24 , 26 , 31 , 29 , 23 , 23 , 22 , 21 , 21 , 20 , 3 , 55 , 47 , 0 , 31 , 1 , 1 , 2 , 21 , 6 , 27 , 68 , 73 , 24 , 4 , 22 , 12 , 16 , 37
Red Line,FFC60C30,9 , 19 , 20 , 21 , 22 , 22 , 23 , 23 , 23 , 23 , 25 , 28 , 31 , 25 , 23 , 22 , 21 , 20 , 20 , 118 , 74 , 80 , 75 , 66 , 54 , 112 , 60 , 80 , 71 , 63 , 66 , 54 , 88 , 108 , 66 , 74 , 60 , 57
Red Line,FFC60C30,8 , 18 , 20 , 21 , 22 , 22 , 22 , 23 , 23 , 23 , 25 , 28 , 31 , 25 , 23 , 22 , 21 , 20 , 20 , 133 , 71 , 79 , 76 , 72 , 63 , 106 , 62 , 78 , 73 , 63 , 67 , 53 , 83 , 104 , 74 , 68 , 63 , 56
Red Line,FFC60C30,9 , 19 , 20 , 21 , 22 , 22 , 23 , 23 , 23 , 23 , 25 , 28 , 31 , 25 , 23 , 22 , 21 , 20 , 20 , 119 , 78 , 78 , 72 , 65 , 49 , 117 , 59 , 82 , 67 , 60 , 67 , 55 , 91 , 109 , 64 , 70 , 55 , 57
Red Line,FFC60C30,13 , 20 , 20 , 21 , 22 , 22 , 23 , 23 , 23 , 24 , 26 , 29 , 30 , 24 , 22 , 22 , 21 , 20 , 20 , 126 , 91 , 71 , 50 , 61 , 41 , 122 , 63 , 71 , 68 , 42 , 78 , 61 , 89 , 70 , 73 , 56 , 53 , 57
Red Line,FFC60C30,14 , 20 , 21 , 21 , 22 , 22 , 23 , 23 , 23 , 24 , 26 , 30 , 30 , 24 , 22 , 22 , 21 , 20 , 20 , 113 , 81 , 60 , 45 , 45 , 31 , 96 , 58 , 61 , 67 , 45 , 79 , 65 , 77 , 60 , 70 , 56 , 26 , 53
Brown Line,FF62361B,6 , 12 , 18 , 23 , 20 , 18 , 17 , 17 , 18 , 19 , 20 , 21 , 23 , 21 , 18 , 17 , 17 , 16 , 15 , 167 , 78 , 82 , 65 , 57 , 86 , 84 , 56 , 86 , 87 , 44 , 73 , 62 , 64 , 68 , 46 , 55 , 61 , 56
Brown Line,FF62361B,7 , 12 , 19 , 24 , 20 , 18 , 17 , 17 , 18 , 20 , 20 , 21 , 24 , 21 , 18 , 17 , 17 , 16 , 15 , 184 , 87 , 83 , 64 , 51 , 95 , 69 , 63 , 82 , 78 , 46 , 64 , 59 , 63 , 66 , 48 , 60 , 51 , 54
Brown Line,FF62361B,8 , 13 , 20 , 24 , 19 , 18 , 17 , 17 , 18 , 20 , 20 , 21 , 24 , 20 , 17 , 17 , 17 , 16 , 15 , 208 , 88 , 78 , 67 , 49 , 88 , 55 , 64 , 74 , 72 , 41 , 64 , 57 , 65 , 63 , 48 , 58 , 46 , 46
Brown Line,FF62361B,10 , 13 , 21 , 24 , 19 , 17 , 17 , 17 , 19 , 20 , 20 , 22 , 24 , 20 , 17 , 17 , 17 , 16 , 15 , 176 , 105 , 84 , 65 , 48 , 93 , 57 , 71 , 73 , 47 , 25 , 61 , 58 , 54 , 64 , 51 , 45 , 42 , 44
Brown Line,FF62361B,11 , 15 , 22 , 24 , 19 , 17 , 17 , 17 , 19 , 20 , 20 , 22 , 24 , 19 , 17 , 17 , 17 , 16 , 15 , 144 , 127 , 84 , 64 , 51 , 103 , 63 , 76 , 78 , 21 , 9 , 56 , 58 , 44 , 67 , 58 , 47 , 38 , 44
Orange Line,FFF9461C,8 , 14 , 16 , 17 , 17 , 17 , 17 , 17 , 17 , 17 , 18 , 20 , 19 , 18 , 17 , 15 , 13 , 12 , 11 , 129 , 75 , 66 , 44 , 44 , 21 , 22 , 150 , 49 , 48 , 31 , 61 , 83 , 17 , 30 , 40 , 35 , 77 , 50
Orange Line,FFF9461C,10 , 15 , 17 , 17 , 17 , 17 , 17 , 17 , 17 , 17 , 19 , 20 , 19 , 18 , 17 , 15 , 13 , 12 , 10 , 81 , 60 , 61 , 36 , 27 , 13 , 12 , 119 , 45 , 38 , 35 , 68 , 71 , 12 , 28 , 15 , 32 , 42 , 43
Orange Line,FFF9461C,12 , 15 , 17 , 17 , 17 , 17 , 17 , 17 , 17 , 17 , 19 , 20 , 19 , 18 , 17 , 15 , 13 , 12 , 10 , 18 , 41 , 29 , 40 , 30 , 6 , 15 , 49 , 22 , 8 , 42 , 60 , 60 , 17 , 31 , 9 , 33 , 27 , 26
Brown Line,FF62361B,9 , 13 , 21 , 24 , 19 , 17 , 17 , 17 , 19 , 20 , 20 , 22 , 24 , 20 , 17 , 17 , 17 , 16 , 15 , 183 , 103 , 83 , 65 , 47 , 93 , 56 , 70 , 73 , 52 , 27 , 62 , 57 , 56 , 64 , 51 , 48 , 43 , 46
