"Howard",FFF9E300,4 , 12 , 14 , 14 , 13 , 12 , 12 , 12 , 13 , 14 , 14 , 14 , 14 , 14 , 12 , 12 , 12 , 12 , 3 , 23 , 24 , 24 , 30 , 32 , 33 , 23 , 25 , 23 , 33 , 23 , 23 , 27 , 43 , 36 , 22 , 22 , 22 , 22
"Skokie",FFF9E300,4 , 11 , 14 , 14 , 14 , 12 , 12 , 12 , 12 , 14 , 14 , 14 , 14 , 14 , 13 , 12 , 12 , 12 , 3 , 0 , 0 , 0 , 0 , 0 , 0 , 0 , 0 , 0 , 0 , 0 , 0 , 0 , 0 , 0 , 0 , 0 , 0 , 0
"Skokie",FFF9E300,3 , 9 , 14 , 14 , 14 , 12 , 12 , 12 , 12 , 14 , 14 , 14 , 14 , 14 , 13 , 12 , 12 , 12 , 6 , 78 , 119 , 51 , 12 , 75 , 64 , 0 , 60 , 128 , 119 , 470 , 157 , 94 , 125 , 68 , 22 , 29 , 53 , 114
"Howard",FFF9E300,3 , 9 , 14 , 14 , 14 , 12 , 12 , 12 , 12 , 14 , 14 , 14 , 14 , 14 , 13 , 12 , 12 , 12 , 6 , 0 , 0 , 0 , 0 , 0 , 0 , 0 , 0 , 0 , 0 , 0 , 0 , 0 , 0 , 0 , 0 , 0 , 0 , 0
"South Boulevard",FF522398,8 , 14 , 14 , 14 , 14 , 13 , 15 , 14 , 14 , 14 , 16 , 17 , 15 , 16 , 13 , 12 , 12 , 12 , 12 , 23 , 110 , 178 , 115 , 216 , 9 , 23 , 30 , 23 , 22 , 27 , 106 , 92 , 104 , 167 , 23 , 22 , 22 , 128
"Main",FF522398,8 , 14 , 14 , 13 , 15 , 13 , 15 , 14 , 14 , 14 , 16 , 16 , 16 , 15 , 13 , 13 , 12 , 12 , 12 , 56 , 106 , 131 , 123 , 131 , 23 , 0 , 15 , 7 , 213 , 91 , 91 , 94 , 96 , 171 , 37 , 2 , 0 , 119
"Dempster",FF522398,8 , 14 , 14 , 13 , 15 , 13 , 15 , 14 , 14 , 14 , 16 , 16 , 15 , 16 , 13 , 13 , 12 , 12 , 12 , 21 , 142 , 151 , 112 , 167 , 43 , 23 , 14 , 23 , 7 , 131 , 107 , 98 , 77 , 188 , 60 , 15 , 22 , 122
"Davis",FF522398,8 , 13 , 15 , 13 , 15 , 13 , 14 , 14 , 14 , 15 , 16 , 15 , 16 , 15 , 14 , 13 , 12 , 12 , 12 , 0 , 53 , 138 , 93 , 108 , 50 , 29 , 55 , 42 , 7 , 1 , 136 , 131 , 66 , 156 , 68 , 0 , 1 , 139
"Foster",FF522398,7 , 12 , 15 , 13 , 16 , 13 , 13 , 14 , 14 , 15 , 16 , 16 , 15 , 16 , 13 , 12 , 12 , 12 , 12 , 39 , 101 , 151 , 113 , 128 , 72 , 25 , 78 , 79 , 49 , 101 , 100 , 105 , 109 , 182 , 51 , 16 , 17 , 124
"Noyes",FF522398,6 , 13 , 15 , 13 , 15 , 13 , 14 , 14 , 14 , 15 , 16 , 16 , 15 , 16 , 13 , 12 , 12 , 12 , 12 , 10 , 93 , 104 , 104 , 146 , 142 , 43 , 78 , 80 , 49 , 133 , 112 , 109 , 110 , 175 , 51 , 16 , 10 , 116
"Central-Purple",FF522398,6 , 13 , 15 , 13 , 14 , 14 , 14 , 14 , 14 , 14 , 16 , 17 , 15 , 16 , 13 , 12 , 12 , 12 , 12 , 55 , 118 , 94 , 96 , 113 , 50 , 62 , 149 , 92 , 135 , 86 , 123 , 113 , 69 , 219 , 81 , 25 , 29 , 154
"Linden",FF522398,6 , 13 , 15 , 12 , 15 , 14 , 14 , 14 , 14 , 14 , 16 , 17 , 14 , 17 , 13 , 12 , 12 , 12 , 12 , 0 , 0 , 0 , 0 , 0 , 0 , 0 , 0 , 0 , 0 , 0 , 0 , 0 , 0 , 0 , 0 , 0 , 0 , 0
"Linden",FF522398,6 , 11 , 15 , 12 , 13 , 14 , 14 , 14 , 14 , 14 , 16 , 17 , 14 , 14 , 14 , 12 , 12 , 12 , 12 , 23 , 51 , 34 , 47 , 23 , 44 , 33 , 31 , 34 , 44 , 43 , 118 , 134 , 29 , 22 , 43 , 23 , 29 , 22
"Central-Purple",FF522398,6 , 11 , 14 , 13 , 13 , 14 , 14 , 14 , 14 , 14 , 15 , 18 , 14 , 14 , 14 , 12 , 12 , 12 , 12 , 7 , 55 , 15 , 11 , 3 , 0 , 7 , 30 , 7 , 14 , 0 , 89 , 57 , 0 , 0 , 0 , 9 , 9 , 7
"Noyes",FF522398,6 , 10 , 15 , 13 , 13 , 14 , 14 , 14 , 14 , 14 , 15 , 18 , 14 , 14 , 14 , 12 , 12 , 12 , 12 , 1 , 23 , 67 , 1 , 7 , 1 , 1 , 1 , 1 , 1 , 12 , 89 , 71 , 8 , 6 , 2 , 1 , 1 , 57
"Foster",FF522398,6 , 10 , 15 , 13 , 13 , 13 , 13 , 14 , 14 , 14 , 15 , 17 , 16 , 14 , 15 , 12 , 12 , 12 , 12 , 1 , 30 , 68 , 25 , 17 , 23 , 12 , 7 , 12 , 1 , 22 , 42 , 109 , 22 , 16 , 23 , 15 , 8 , 57
"Davis",FF522398,6 , 10 , 15 , 13 , 13 , 13 , 13 , 14 , 14 , 14 , 15 , 17 , 16 , 14 , 15 , 12 , 12 , 12 , 12 , 1 , 35 , 91 , 2 , 1 , 1 , 1 , 13 , 16 , 31 , 0 , 51 , 96 , 1 , 1 , 1 , 0 , 0 , 40
"Dempster",FF522398,6 , 10 , 15 , 13 , 13 , 13 , 13 , 14 , 14 , 14 , 15 , 17 , 16 , 14 , 15 , 12 , 12 , 12 , 12 , 0 , 8 , 79 , 26 , 43 , 23 , 63 , 22 , 17 , 52 , 44 , 60 , 161 , 49 , 55 , 11 , 14 , 7 , 27
"Main",FF522398,5 , 11 , 14 , 14 , 12 , 14 , 13 , 14 , 14 , 14 , 15 , 17 , 16 , 13 , 15 , 13 , 12 , 12 , 12 , 10 , 26 , 67 , 24 , 62 , 73 , 97 , 18 , 10 , 68 , 117 , 139 , 113 , 85 , 66 , 0 , 0 , 0 , 31
"South Boulevard",FF522398,5 , 11 , 14 , 14 , 12 , 14 , 13 , 14 , 14 , 14 , 14 , 18 , 15 , 14 , 15 , 13 , 12 , 12 , 12 , 15 , 29 , 57 , 23 , 52 , 0 , 93 , 20 , 0 , 28 , 104 , 130 , 153 , 98 , 53 , 103 , 0 , 0 , 0
"O'Hare",FF00A1DE,13 , 20 , 28 , 24 , 21 , 20 , 20 , 20 , 21 , 22 , 22 , 22 , 22 , 20 , 18 , 17 , 16 , 15 , 13 , 23 , 36 , 41 , 113 , 102 , 33 , 23 , 25 , 23 , 41 , 83 , 47 , 28 , 43 , 32 , 22 , 22 , 22 , 22
"Rosemont",FF00A1DE,15 , 19 , 28 , 24 , 23 , 20 , 20 , 20 , 21 , 22 , 22 , 22 , 22 , 20 , 18 , 17 , 16 , 15 , 13 , 0 , 51 , 61 , 60 , 69 , 0 , 0 , 91 , 17 , 21 , 23 , 156 , 9 , 0 , 0 , 56 , 37 , 112 , 13
"Cumberland",FF00A1DE,15 , 19 , 27 , 24 , 22 , 21 , 20 , 20 , 20 , 22 , 22 , 22 , 22 , 21 , 19 , 17 , 16 , 15 , 13 , 3 , 117 , 41 , 114 , 92 , 23 , 0 , 43 , 25 , 0 , 229 , 81 , 89 , 53 , 0 , 46 , 30 , 251 , 24
"Harlem-O'Hare",FF00A1DE,14 , 18 , 28 , 25 , 21 , 20 , 20 , 20 , 21 , 22 , 22 , 22 , 22 , 20 , 18 , 18 , 17 , 16 , 13 , 0 , 77 , 55 , 57 , 47 , 38 , 44 , 96 , 6 , 188 , 169 , 58 , 189 , 38 , 0 , 37 , 26 , 227 , 41
"Jefferson Park",FF00A1DE,13 , 17 , 26 , 28 , 22 , 21 , 20 , 20 , 20 , 22 , 22 , 22 , 22 , 21 , 19 , 17 , 16 , 15 , 15 , 116 , 106 , 56 , 76 , 66 , 115 , 15 , 65 , 92 , 134 , 116 , 68 , 171 , 89 , 191 , 79 , 21 , 291 , 154
"Montrose-Blue",FF00A1DE,12 , 18 , 26 , 27 , 23 , 21 , 20 , 20 , 20 , 22 , 22 , 22 , 22 , 21 , 19 , 17 , 16 , 15 , 13 , 116 , 106 , 56 , 57 , 63 , 115 , 15 , 65 , 92 , 138 , 273 , 126 , 151 , 89 , 191 , 79 , 41 , 271 , 166
"Irving Park-Blue",FF00A1DE,12 , 18 , 25 , 28 , 23 , 20 , 20 , 20 , 21 , 22 , 22 , 22 , 22 , 21 , 19 , 17 , 16 , 15 , 13 , 76 , 143 , 70 , 60 , 42 , 59 , 8 , 75 , 94 , 200 , 99 , 88 , 144 , 74 , 54 , 187 , 44 , 260 , 156
"Addison-Blue",FF00A1DE,11 , 18 , 26 , 27 , 22 , 21 , 20 , 20 , 21 , 22 , 22 , 22 , 22 , 20 , 18 , 18 , 17 , 16 , 13 , 91 , 76 , 64 , 68 , 63 , 56 , 18 , 85 , 75 , 287 , 199 , 95 , 130 , 150 , 116 , 153 , 24 , 222 , 160
"Belmont-Blue",FF00A1DE,11 , 17 , 25 , 28 , 22 , 21 , 20 , 20 , 20 , 22 , 22 , 22 , 22 , 21 , 19 , 18 , 17 , 16 , 13 , 51 , 125 , 75 , 55 , 43 , 43 , 58 , 66 , 57 , 145 , 92 , 102 , 123 , 174 , 126 , 198 , 4 , 204 , 122
"Logan Square",FF00A1DE,10 , 17 , 24 , 28 , 24 , 21 , 20 , 20 , 20 , 22 , 22 , 22 , 22 , 21 , 19 , 17 , 16 , 15 , 15 , 256 , 165 , 53 , 63 , 57 , 85 , 114 , 94 , 30 , 142 , 157 , 113 , 125 , 190 , 137 , 202 , 75 , 140 , 180
"California-O'Hare",FF00A1DE,10 , 17 , 24 , 28 , 23 , 21 , 20 , 20 , 21 , 22 , 22 , 22 , 22 , 21 , 19 , 17 , 16 , 15 , 15 , 166 , 185 , 85 , 60 , 70 , 30 , 97 , 44 , 70 , 157 , 159 , 164 , 129 , 185 , 337 , 202 , 75 , 150 , 118
"Western-O'Hare",FF00A1DE,10 , 16 , 24 , 29 , 23 , 21 , 20 , 20 , 21 , 21 , 22 , 22 , 22 , 22 , 19 , 17 , 16 , 15 , 15 , 241 , 154 , 75 , 53 , 82 , 71 , 154 , 138 , 49 , 123 , 126 , 131 , 164 , 176 , 312 , 162 , 107 , 106 , 78
"Damen-O'Hare",FF00A1DE,8 , 17 , 23 , 29 , 23 , 21 , 20 , 20 , 20 , 22 , 22 , 22 , 22 , 21 , 19 , 18 , 17 , 16 , 13 , 164 , 128 , 62 , 48 , 81 , 59 , 96 , 90 , 92 , 132 , 156 , 138 , 174 , 154 , 244 , 213 , 133 , 106 , 58
"Division",FF00A1DE,8 , 17 , 23 , 29 , 23 , 21 , 20 , 20 , 20 , 22 , 22 , 22 , 22 , 21 , 19 , 18 , 17 , 16 , 13 , 111 , 137 , 63 , 39 , 66 , 49 , 57 , 116 , 61 , 97 , 135 , 114 , 156 , 107 , 240 , 104 , 137 , 197 , 66
"Chicago-Blue",FF00A1DE,8 , 16 , 23 , 29 , 23 , 22 , 20 , 20 , 20 , 22 , 22 , 22 , 22 , 21 , 19 , 18 , 17 , 16 , 13 , 109 , 126 , 94 , 38 , 70 , 60 , 49 , 113 , 17 , 104 , 154 , 109 , 145 , 172 , 238 , 261 , 132 , 175 , 72
"Grand-Blue",FF00A1DE,8 , 15 , 23 , 28 , 24 , 21 , 20 , 20 , 21 , 21 , 22 , 22 , 22 , 22 , 20 , 17 , 17 , 15 , 14 , 237 , 123 , 83 , 61 , 55 , 74 , 32 , 103 , 92 , 100 , 93 , 82 , 100 , 150 , 267 , 135 , 40 , 137 , 109
"Clark/Lake (Subway)",FF00A1DE,7 , 16 , 21 , 29 , 25 , 21 , 20 , 20 , 20 , 22 , 22 , 22 , 22 , 22 , 20 , 17 , 16 , 15 , 15 , 213 , 174 , 72 , 50 , 91 , 87 , 101 , 81 , 135 , 138 , 64 , 68 , 127 , 131 , 262 , 258 , 171 , 152 , 105
"Washington-Blue",FF00A1DE,6 , 16 , 22 , 29 , 23 , 22 , 20 , 20 , 20 , 22 , 22 , 22 , 22 , 21 , 19 , 18 , 17 , 16 , 15 , 178 , 137 , 76 , 50 , 68 , 98 , 27 , 90 , 93 , 176 , 124 , 91 , 96 , 139 , 211 , 297 , 101 , 128 , 46
"Monroe-Blue",FF00A1DE,6 , 16 , 21 , 30 , 23 , 22 , 20 , 20 , 20 , 22 , 22 , 22 , 22 , 21 , 19 , 18 , 17 , 16 , 15 , 166 , 163 , 74 , 64 , 98 , 105 , 30 , 97 , 104 , 125 , 129 , 90 , 79 , 124 , 213 , 289 , 213 , 101 , 134
"Jackson-Blue",FF00A1DE,6 , 15 , 22 , 29 , 24 , 22 , 20 , 20 , 20 , 22 , 22 , 22 , 22 , 21 , 19 , 18 , 17 , 16 , 15 , 153 , 161 , 91 , 45 , 74 , 138 , 12 , 85 , 56 , 136 , 89 , 80 , 51 , 120 , 224 , 272 , 141 , 131 , 36
"LaSalle",FF00A1DE,6 , 15 , 22 , 28 , 24 , 22 , 20 , 20 , 20 , 21 , 22 , 22 , 22 , 22 , 20 , 18 , 17 , 16 , 15 , 118 , 131 , 64 , 48 , 84 , 74 , 61 , 89 , 63 , 148 , 91 , 93 , 66 , 96 , 196 , 305 , 203 , 130 , 44
"Clinton-Blue",FF00A1DE,6 , 15 , 21 , 29 , 24 , 21 , 20 , 20 , 21 , 21 , 22 , 22 , 22 , 22 , 20 , 18 , 17 , 16 , 14 , 54 , 91 , 47 , 60 , 66 , 66 , 130 , 67 , 117 , 105 , 87 , 76 , 60 , 128 , 189 , 274 , 208 , 112 , 153
"UIC-Halsted",FF00A1DE,5 , 16 , 20 , 29 , 25 , 21 , 20 , 20 , 20 , 22 , 22 , 22 , 22 , 22 , 20 , 18 , 17 , 16 , 13 , 39 , 78 , 87 , 60 , 98 , 47 , 109 , 102 , 70 , 235 , 100 , 130 , 81 , 64 , 159 , 351 , 163 , 126 , 30
"Racine",FF00A1DE,5 , 15 , 18 , 26 , 23 , 22 , 20 , 20 , 20 , 22 , 22 , 22 , 22 , 22 , 20 , 17 , 17 , 15 , 14 , 72 , 87 , 153 , 74 , 104 , 56 , 12 , 117 , 74 , 82 , 72 , 96 , 37 , 82 , 195 , 248 , 227 , 65 , 124
"Illinois Medical District",FF00A1DE,3 , 16 , 19 , 25 , 23 , 22 , 20 , 20 , 20 , 22 , 22 , 22 , 22 , 21 , 19 , 18 , 17 , 16 , 15 , 83 , 109 , 57 , 44 , 100 , 104 , 49 , 107 , 107 , 78 , 126 , 58 , 56 , 103 , 130 , 151 , 166 , 11 , 139
"Western-Forest Park",FF00A1DE,3 , 15 , 20 , 24 , 23 , 22 , 20 , 20 , 20 , 21 , 22 , 22 , 22 , 22 , 20 , 18 , 17 , 16 , 15 , 35 , 104 , 27 , 82 , 98 , 65 , 30 , 79 , 118 , 141 , 127 , 89 , 44 , 79 , 148 , 238 , 65 , 42 , 70
"Kedzie-Homan",FF00A1DE,3 , 15 , 19 , 24 , 23 , 22 , 20 , 20 , 21 , 21 , 22 , 22 , 22 , 22 , 20 , 18 , 17 , 16 , 15 , 118 , 123 , 18 , 54 , 90 , 95 , 7 , 115 , 88 , 152 , 135 , 72 , 44 , 61 , 153 , 274 , 116 , 116 , 47
"Pulaski-Forest Park",FF00A1DE,3 , 15 , 18 , 25 , 23 , 22 , 20 , 20 , 20 , 22 , 22 , 22 , 22 , 22 , 20 , 18 , 17 , 16 , 15 , 85 , 68 , 35 , 58 , 98 , 47 , 49 , 107 , 105 , 43 , 94 , 54 , 57 , 48 , 87 , 203 , 129 , 90 , 79
"Cicero-Forest Park",FF00A1DE,3 , 15 , 18 , 24 , 24 , 22 , 20 , 20 , 20 , 21 , 22 , 22 , 22 , 22 , 21 , 18 , 17 , 16 , 15 , 66 , 121 , 73 , 66 , 107 , 32 , 123 , 55 , 114 , 33 , 61 , 94 , 75 , 47 , 45 , 16 , 130 , 12 , 120
"Austin-Blue",FF00A1DE,0 , 15 , 18 , 24 , 24 , 22 , 21 , 20 , 20 , 21 , 22 , 22 , 22 , 22 , 20 , 18 , 17 , 16 , 15 , 42 , 47 , 49 , 56 , 130 , 58 , 79 , 117 , 98 , 108 , 111 , 53 , 50 , 37 , 79 , 137 , 32 , 178 , 48
"Oak Park-Blue",FF00A1DE,0 , 15 , 18 , 24 , 24 , 22 , 21 , 20 , 20 , 21 , 22 , 22 , 22 , 22 , 20 , 18 , 17 , 16 , 15 , 102 , 88 , 65 , 80 , 114 , 40 , 94 , 123 , 140 , 71 , 65 , 99 , 62 , 66 , 112 , 89 , 26 , 95 , 28
"Harlem-Forest Park",FF00A1DE,0 , 15 , 18 , 24 , 24 , 22 , 20 , 20 , 20 , 22 , 22 , 22 , 22 , 22 , 20 , 18 , 17 , 16 , 15 , 43 , 96 , 72 , 90 , 99 , 77 , 90 , 63 , 115 , 92 , 66 , 99 , 66 , 82 , 68 , 1 , 50 , 30 , 45
"Forest Park",FF00A1DE,0 , 15 , 18 , 23 , 23 , 23 , 20 , 20 , 20 , 21 , 22 , 22 , 22 , 22 , 21 , 19 , 17 , 16 , 15 , 0 , 0 , 0 , 0 , 0 , 0 , 0 , 0 , 0 , 0 , 0 , 0 , 0 , 0 , 0 , 0 , 0 , 0 , 0
"Forest Park",FF00A1DE,13 , 19 , 21 , 21 , 20 , 20 , 20 , 20 , 20 , 21 , 23 , 27 , 26 , 21 , 18 , 16 , 16 , 15 , 13 , 30 , 63 , 100 , 101 , 74 , 61 , 136 , 96 , 30 , 26 , 2 , 61 , 38 , 78 , 21 , 0 , 0 , 0 , 37
"Harlem-Forest Park",FF00A1DE,15 , 18 , 21 , 20 , 20 , 20 , 20 , 20 , 20 , 21 , 23 , 26 , 26 , 22 , 19 , 17 , 16 , 15 , 13 , 23 , 144 , 74 , 34 , 98 , 41 , 158 , 144 , 47 , 28 , 44 , 38 , 73 , 93 , 21 , 0 , 0 , 11 , 14
"Oak Park-Blue",FF00A1DE,15 , 18 , 20 , 21 , 20 , 20 , 20 , 20 , 20 , 21 , 23 , 26 , 26 , 22 , 19 , 17 , 16 , 15 , 13 , 45 , 142 , 61 , 63 , 142 , 0 , 44 , 142 , 59 , 31 , 31 , 17 , 75 , 67 , 94 , 332 , 110 , 80 , 31
"Austin-Blue",FF00A1DE,15 , 18 , 20 , 21 , 20 , 20 , 20 , 20 , 20 , 21 , 22 , 26 , 27 , 22 , 18 , 17 , 16 , 16 , 13 , 1 , 112 , 55 , 68 , 184 , 0 , 187 , 162 , 234 , 42 , 68 , 57 , 36 , 37 , 79 , 13 , 11 , 202 , 54
"Cicero-Forest Park",FF00A1DE,14 , 18 , 20 , 20 , 21 , 20 , 20 , 20 , 20 , 20 , 23 , 26 , 26 , 23 , 19 , 17 , 16 , 16 , 13 , 48 , 65 , 60 , 39 , 161 , 312 , 170 , 140 , 246 , 50 , 33 , 8 , 66 , 33 , 86 , 186 , 16 , 163 , 52
"Pulaski-Forest Park",FF00A1DE,14 , 17 , 21 , 20 , 19 , 20 , 20 , 20 , 20 , 21 , 22 , 26 , 27 , 22 , 19 , 18 , 17 , 15 , 13 , 29 , 132 , 71 , 118 , 94 , 0 , 72 , 43 , 41 , 76 , 3 , 80 , 33 , 95 , 50 , 11 , 19 , 166 , 65
"Kedzie-Homan",FF00A1DE,13 , 17 , 20 , 21 , 20 , 20 , 20 , 20 , 20 , 21 , 22 , 26 , 27 , 22 , 19 , 17 , 16 , 15 , 15 , 36 , 66 , 32 , 127 , 12 , 10 , 46 , 21 , 34 , 34 , 37 , 80 , 52 , 111 , 28 , 28 , 85 , 26 , 98
"Western-Forest Park",FF00A1DE,12 , 17 , 21 , 20 , 21 , 20 , 20 , 20 , 20 , 20 , 23 , 25 , 27 , 23 , 18 , 17 , 16 , 16 , 13 , 51 , 172 , 72 , 117 , 93 , 0 , 42 , 51 , 53 , 44 , 41 , 60 , 22 , 60 , 66 , 6 , 26 , 160 , 69
"Illinois Medical District",FF00A1DE,12 , 17 , 20 , 20 , 21 , 20 , 20 , 20 , 20 , 20 , 22 , 26 , 27 , 22 , 20 , 17 , 16 , 16 , 13 , 35 , 179 , 80 , 87 , 18 , 0 , 47 , 31 , 57 , 91 , 32 , 66 , 51 , 70 , 59 , 12 , 37 , 160 , 33
"Racine",FF00A1DE,11 , 18 , 19 , 21 , 20 , 20 , 20 , 20 , 20 , 21 , 22 , 25 , 27 , 23 , 20 , 17 , 16 , 16 , 13 , 26 , 148 , 65 , 71 , 28 , 0 , 34 , 113 , 111 , 128 , 41 , 52 , 45 , 56 , 40 , 173 , 31 , 168 , 48
"UIC-Halsted",FF00A1DE,11 , 17 , 21 , 24 , 23 , 20 , 20 , 20 , 20 , 21 , 22 , 25 , 27 , 23 , 19 , 18 , 16 , 16 , 13 , 22 , 173 , 73 , 55 , 94 , 258 , 45 , 29 , 79 , 143 , 46 , 71 , 58 , 51 , 47 , 167 , 56 , 195 , 54
"Clinton-Blue",FF00A1DE,11 , 17 , 21 , 24 , 22 , 20 , 20 , 20 , 20 , 20 , 23 , 24 , 28 , 23 , 19 , 18 , 17 , 16 , 13 , 48 , 148 , 82 , 45 , 105 , 174 , 60 , 59 , 81 , 90 , 68 , 34 , 49 , 43 , 45 , 136 , 95 , 148 , 48
"LaSalle",FF00A1DE,11 , 16 , 20 , 24 , 23 , 20 , 20 , 20 , 20 , 20 , 22 , 25 , 28 , 23 , 19 , 17 , 17 , 16 , 14 , 43 , 181 , 72 , 56 , 93 , 88 , 88 , 113 , 71 , 41 , 42 , 39 , 54 , 49 , 62 , 110 , 79 , 63 , 123
"Jackson-Blue",FF00A1DE,10 , 16 , 20 , 24 , 24 , 20 , 20 , 20 , 20 , 20 , 22 , 25 , 27 , 23 , 20 , 17 , 16 , 16 , 15 , 44 , 173 , 91 , 43 , 78 , 69 , 64 , 149 , 104 , 72 , 37 , 43 , 60 , 32 , 45 , 87 , 68 , 73 , 184
"Monroe-Blue",FF00A1DE,10 , 16 , 20 , 24 , 24 , 20 , 20 , 20 , 20 , 20 , 22 , 24 , 28 , 23 , 20 , 17 , 16 , 16 , 15 , 60 , 181 , 85 , 60 , 102 , 73 , 70 , 91 , 91 , 112 , 58 , 56 , 38 , 19 , 39 , 119 , 18 , 103 , 118
"Washington-Blue",FF00A1DE,10 , 16 , 19 , 25 , 24 , 20 , 20 , 20 , 20 , 20 , 22 , 24 , 28 , 23 , 20 , 17 , 16 , 16 , 15 , 73 , 160 , 121 , 67 , 101 , 96 , 87 , 56 , 53 , 114 , 76 , 68 , 45 , 80 , 46 , 87 , 71 , 78 , 138
"Clark/Lake (Subway)",FF00A1DE,9 , 17 , 19 , 25 , 23 , 20 , 20 , 20 , 20 , 21 , 22 , 24 , 28 , 23 , 20 , 17 , 16 , 16 , 15 , 50 , 155 , 111 , 83 , 137 , 96 , 30 , 94 , 45 , 84 , 61 , 66 , 49 , 37 , 56 , 99 , 79 , 76 , 114
"Grand-Blue",FF00A1DE,8 , 16 , 20 , 24 , 23 , 20 , 20 , 20 , 20 , 20 , 22 , 24 , 28 , 24 , 20 , 18 , 17 , 16 , 13 , 56 , 160 , 80 , 57 , 120 , 79 , 32 , 121 , 104 , 18 , 80 , 73 , 47 , 79 , 56 , 49 , 97 , 112 , 145
"Chicago-Blue",FF00A1DE,8 , 16 , 20 , 24 , 23 , 20 , 20 , 20 , 20 , 20 , 22 , 24 , 28 , 23 , 21 , 18 , 17 , 16 , 13 , 76 , 152 , 94 , 55 , 87 , 79 , 78 , 39 , 59 , 74 , 77 , 59 , 69 , 98 , 80 , 43 , 71 , 116 , 146
"Division",FF00A1DE,8 , 16 , 19 , 24 , 24 , 20 , 20 , 20 , 20 , 20 , 22 , 23 , 28 , 24 , 20 , 18 , 17 , 16 , 14 , 35 , 160 , 75 , 81 , 87 , 14 , 95 , 72 , 27 , 3 , 61 , 103 , 59 , 67 , 83 , 32 , 69 , 33 , 135
"Damen-O'Hare",FF00A1DE,7 , 16 , 19 , 24 , 25 , 20 , 20 , 20 , 20 , 20 , 21 , 24 , 28 , 24 , 20 , 17 , 16 , 16 , 15 , 56 , 100 , 71 , 90 , 90 , 8 , 56 , 145 , 93 , 58 , 44 , 77 , 55 , 64 , 44 , 165 , 110 , 37 , 82
"Western-O'Hare",FF00A1DE,6 , 17 , 18 , 23 , 25 , 20 , 20 , 20 , 20 , 20 , 22 , 24 , 27 , 24 , 22 , 17 , 16 , 16 , 15 , 27 , 99 , 57 , 95 , 41 , 58 , 62 , 110 , 76 , 67 , 44 , 72 , 34 , 52 , 59 , 111 , 133 , 29 , 73
"California-O'Hare",FF00A1DE,6 , 15 , 20 , 23 , 24 , 20 , 20 , 20 , 20 , 20 , 22 , 23 , 28 , 24 , 21 , 18 , 17 , 16 , 15 , 30 , 94 , 83 , 98 , 52 , 43 , 48 , 119 , 95 , 49 , 79 , 66 , 53 , 45 , 36 , 200 , 139 , 33 , 67
"Logan Square",FF00A1DE,6 , 15 , 19 , 24 , 23 , 21 , 20 , 20 , 20 , 20 , 21 , 24 , 27 , 25 , 20 , 18 , 17 , 16 , 16 , 131 , 77 , 41 , 80 , 77 , 76 , 20 , 82 , 105 , 63 , 65 , 55 , 65 , 27 , 44 , 93 , 103 , 43 , 142
"Belmont-Blue",FF00A1DE,6 , 15 , 18 , 24 , 23 , 21 , 20 , 20 , 20 , 20 , 21 , 23 , 28 , 24 , 22 , 18 , 17 , 16 , 15 , 124 , 103 , 103 , 81 , 62 , 148 , 45 , 83 , 151 , 65 , 87 , 31 , 48 , 82 , 52 , 73 , 128 , 73 , 130
"Addison-Blue",FF00A1DE,5 , 16 , 18 , 23 , 23 , 21 , 20 , 20 , 20 , 20 , 22 , 23 , 27 , 25 , 22 , 17 , 17 , 16 , 14 , 6 , 108 , 66 , 68 , 75 , 62 , 55 , 102 , 124 , 34 , 69 , 58 , 77 , 69 , 67 , 71 , 124 , 79 , 135
"Irving Park-Blue",FF00A1DE,3 , 15 , 20 , 23 , 24 , 21 , 20 , 20 , 20 , 20 , 22 , 23 , 27 , 25 , 21 , 18 , 16 , 16 , 15 , 70 , 85 , 93 , 83 , 74 , 96 , 39 , 85 , 137 , 35 , 74 , 57 , 62 , 58 , 42 , 48 , 109 , 218 , 166
"Montrose-Blue",FF00A1DE,3 , 15 , 19 , 23 , 24 , 21 , 20 , 20 , 20 , 20 , 21 , 23 , 27 , 26 , 21 , 18 , 17 , 16 , 15 , 69 , 81 , 99 , 55 , 54 , 143 , 34 , 90 , 121 , 77 , 120 , 65 , 69 , 78 , 44 , 33 , 166 , 200 , 223
"Jefferson Park",FF00A1DE,3 , 15 , 18 , 23 , 24 , 21 , 20 , 20 , 20 , 20 , 21 , 23 , 27 , 25 , 22 , 18 , 17 , 16 , 16 , 138 , 81 , 95 , 57 , 39 , 88 , 104 , 72 , 77 , 73 , 120 , 84 , 48 , 57 , 57 , 86 , 81 , 129 , 177
"Harlem-O'Hare",FF00A1DE,2 , 15 , 19 , 20 , 24 , 21 , 20 , 20 , 20 , 20 , 21 , 23 , 27 , 26 , 22 , 18 , 17 , 16 , 16 , 34 , 64 , 161 , 30 , 69 , 51 , 62 , 49 , 82 , 99 , 9 , 82 , 84 , 60 , 54 , 86 , 51 , 93 , 192
"Kimball",FF62361B,11 , 17 , 25 , 23 , 19 , 18 , 17 , 18 , 19 , 20 , 20 , 24 , 23 , 19 , 17 , 17 , 17 , 16 , 14 , 44 , 29 , 79 , 22 , 22 , 44 , 44 , 36 , 15 , 0 , 0 , 115 , 57 , 15 , 0 , 43 , 44 , 44 , 43
"Kedzie-Brown",FF62361B,14 , 17 , 24 , 23 , 19 , 17 , 17 , 18 , 20 , 20 , 20 , 24 , 23 , 19 , 17 , 17 , 17 , 16 , 15 , 52 , 60 , 67 , 53 , 46 , 88 , 44 , 46 , 40 , 22 , 0 , 119 , 101 , 29 , 69 , 92 , 67 , 44 , 41
"Francisco",FF62361B,14 , 17 , 24 , 23 , 19 , 17 , 17 , 17 , 20 , 20 , 20 , 23 , 24 , 20 , 17 , 17 , 17 , 16 , 15 , 192 , 252 , 69 , 61 , 106 , 113 , 238 , 46 , 86 , 47 , 53 , 88 , 51 , 35 , 116 , 368 , 10 , 23 , 20
"Rockwell",FF62361B,14 , 17 , 23 , 24 , 19 , 17 , 17 , 17 , 20 , 20 , 20 , 23 , 24 , 20 , 17 , 17 , 17 , 16 , 15 , 166 , 224 , 39 , 47 , 47 , 238 , 184 , 74 , 41 , 28 , 44 , 31 , 24 , 4 , 102 , 0 , 40 , 4 , 27
"Western-Brown",FF62361B,14 , 17 , 23 , 24 , 19 , 17 , 17 , 17 , 20 , 20 , 20 , 23 , 24 , 20 , 17 , 17 , 17 , 16 , 15 , 368 , 136 , 85 , 70 , 34 , 256 , 2 , 79 , 13 , 13 , 1 , 28 , 17 , 7 , 108 , 0 , 3 , 49 , 40
"Damen-Brown",FF62361B,13 , 16 , 25 , 23 , 19 , 18 , 17 , 17 , 19 , 21 , 20 , 22 , 24 , 20 , 18 , 17 , 17 , 16 , 15 , 175 , 332 , 88 , 45 , 9 , 31 , 169 , 138 , 190 , 0 , 0 , 42 , 73 , 104 , 89 , 2 , 1 , 0 , 67
"Montrose-Brown",FF62361B,13 , 16 , 24 , 24 , 19 , 18 , 17 , 17 , 19 , 20 , 20 , 23 , 24 , 20 , 18 , 17 , 17 , 16 , 15 , 338 , 242 , 56 , 47 , 80 , 196 , 2 , 71 , 85 , 12 , 0 , 46 , 86 , 230 , 112 , 153 , 251 , 29 , 79
"Irving Park-Brown",FF62361B,13 , 16 , 23 , 24 , 19 , 18 , 17 , 18 , 19 , 20 , 20 , 23 , 24 , 19 , 18 , 17 , 17 , 16 , 16 , 338 , 262 , 67 , 81 , 51 , 161 , 2 , 74 , 143 , 12 , 0 , 77 , 51 , 0 , 134 , 0 , 0 , 21 , 82
"Addison-Brown",FF62361B,12 , 17 , 23 , 24 , 19 , 18 , 17 , 18 , 19 , 20 , 20 , 23 , 24 , 19 , 17 , 17 , 17 , 17 , 16 , 266 , 206 , 53 , 72 , 51 , 161 , 2 , 74 , 58 , 23 , 0 , 47 , 51 , 12 , 129 , 15 , 14 , 18 , 20
"Paulina",FF62361B,12 , 16 , 22 , 25 , 19 , 17 , 17 , 17 , 20 , 20 , 20 , 22 , 25 , 20 , 17 , 17 , 17 , 16 , 16 , 168 , 141 , 107 , 71 , 43 , 122 , 0 , 67 , 90 , 20 , 0 , 49 , 73 , 25 , 120 , 156 , 200 , 153 , 33
"Southport",FF62361B,12 , 15 , 23 , 24 , 20 , 17 , 17 , 17 , 20 , 20 , 20 , 22 , 24 , 20 , 18 , 17 , 17 , 16 , 16 , 96 , 72 , 98 , 90 , 48 , 68 , 130 , 81 , 130 , 23 , 1 , 57 , 76 , 95 , 2 , 2 , 25 , 6 , 65
"Belmont",FF62361B,12 , 14 , 23 , 25 , 19 , 18 , 17 , 17 , 19 , 20 , 20 , 22 , 25 , 20 , 18 , 17 , 17 , 16 , 15 , 106 , 22 , 89 , 70 , 100 , 13 , 57 , 83 , 72 , 20 , 6 , 37 , 67 , 13 , 33 , 0 , 11 , 153 , 48
"Wellington",FF62361B,9 , 11 , 21 , 25 , 19 , 18 , 17 , 17 , 19 , 20 , 20 , 22 , 25 , 20 , 18 , 17 , 17 , 16 , 15 , 0 , 22 , 115 , 54 , 43 , 33 , 59 , 93 , 25 , 11 , 6 , 36 , 51 , 60 , 20 , 42 , 31 , 18 , 50
"Diversey",FF62361B,8 , 11 , 21 , 26 , 19 , 18 , 17 , 17 , 19 , 20 , 20 , 22 , 25 , 20 , 18 , 17 , 17 , 16 , 15 , 0 , 10 , 112 , 86 , 30 , 25 , 30 , 78 , 95 , 3 , 16 , 47 , 56 , 20 , 15 , 2 , 15 , 4 , 35
"Fullerton",FF62361B,7 , 12 , 21 , 25 , 20 , 18 , 17 , 17 , 19 , 20 , 20 , 21 , 25 , 21 , 17 , 17 , 17 , 17 , 15 , 0 , 21 , 111 , 74 , 56 , 33 , 18 , 84 , 92 , 74 , 6 , 41 , 48 , 48 , 18 , 27 , 33 , 30 , 27
"Armitage",FF62361B,7 , 12 , 19 , 25 , 19 , 18 , 17 , 18 , 19 , 20 , 21 , 21 , 25 , 20 , 17 , 17 , 17 , 17 , 16 , 3 , 11 , 116 , 83 , 51 , 67 , 42 , 95 , 76 , 40 , 23 , 44 , 49 , 22 , 20 , 38 , 15 , 24 , 37
"Sedgwick",FF62361B,7 , 11 , 19 , 25 , 20 , 18 , 17 , 17 , 19 , 20 , 20 , 21 , 25 , 21 , 18 , 17 , 17 , 16 , 16 , 123 , 51 , 98 , 44 , 36 , 145 , 68 , 80 , 73 , 35 , 65 , 44 , 80 , 67 , 25 , 23 , 30 , 51 , 17
"Chicago-Brown",FF62361B,7 , 11 , 18 , 26 , 19 , 19 , 17 , 17 , 18 , 20 , 21 , 21 , 25 , 21 , 18 , 17 , 17 , 16 , 16 , 109 , 52 , 86 , 66 , 35 , 60 , 39 , 50 , 84 , 172 , 49 , 72 , 60 , 72 , 30 , 13 , 27 , 29 , 42
"Merchandise Mart",FF62361B,6 , 11 , 18 , 26 , 20 , 18 , 17 , 17 , 19 , 20 , 20 , 21 , 25 , 21 , 18 , 17 , 17 , 17 , 15 , 237 , 71 , 109 , 87 , 49 , 58 , 27 , 45 , 76 , 107 , 49 , 64 , 63 , 49 , 48 , 29 , 52 , 24 , 48
"Washington/Wells",FF62361B,5 , 11 , 17 , 25 , 21 , 18 , 17 , 17 , 19 , 20 , 20 , 21 , 25 , 21 , 19 , 17 , 17 , 17 , 15 , 367 , 29 , 61 , 71 , 27 , 61 , 38 , 52 , 44 , 91 , 91 , 79 , 34 , 94 , 93 , 29 , 31 , 74 , 84
"Quincy/Wells",FF62361B,5 , 11 , 17 , 25 , 21 , 18 , 17 , 17 , 19 , 20 , 20 , 21 , 24 , 22 , 18 , 17 , 17 , 17 , 16 , 368 , 40 , 72 , 73 , 47 , 75 , 28 , 65 , 46 , 169 , 87 , 82 , 69 , 112 , 61 , 54 , 30 , 79 , 36
"LaSalle/Van Buren",FF62361B,5 , 11 , 16 , 26 , 21 , 18 , 17 , 17 , 19 , 20 , 20 , 20 , 25 , 22 , 18 , 17 , 17 , 17 , 16 , 368 , 45 , 77 , 69 , 48 , 16 , 36 , 58 , 46 , 122 , 72 , 98 , 42 , 78 , 64 , 47 , 80 , 58 , 47
"Harold Washington Library",FF62361B,5 , 11 , 16 , 26 , 20 , 19 , 17 , 17 , 18 , 20 , 20 , 21 , 25 , 22 , 18 , 17 , 17 , 16 , 16 , 347 , 52 , 67 , 66 , 43 , 76 , 36 , 50 , 73 , 168 , 60 , 100 , 43 , 115 , 68 , 48 , 113 , 66 , 76
"Adams/Wabash",FF62361B,5 , 11 , 17 , 24 , 21 , 19 , 17 , 17 , 18 , 20 , 20 , 21 , 25 , 21 , 19 , 17 , 17 , 16 , 16 , 347 , 19 , 48 , 55 , 42 , 67 , 47 , 37 , 84 , 128 , 56 , 67 , 68 , 127 , 58 , 9 , 99 , 72 , 40
"Madison/Wabash",FF62361B,5 , 11 , 17 , 24 , 21 , 19 , 17 , 17 , 18 , 20 , 20 , 21 , 24 , 22 , 19 , 17 , 17 , 16 , 16 , 347 , 50 , 42 , 62 , 45 , 67 , 35 , 35 , 63 , 128 , 67 , 99 , 61 , 101 , 92 , 49 , 83 , 61 , 30
"Randolph/Wabash",FF62361B,5 , 11 , 17 , 24 , 21 , 19 , 17 , 17 , 18 , 20 , 20 , 20 , 25 , 22 , 18 , 17 , 17 , 17 , 16 , 338 , 59 , 62 , 79 , 54 , 85 , 90 , 71 , 76 , 180 , 68 , 51 , 68 , 118 , 89 , 52 , 57 , 78 , 36
"State/Lake",FF62361B,4 , 11 , 17 , 24 , 21 , 18 , 17 , 17 , 19 , 20 , 20 , 20 , 25 , 22 , 18 , 17 , 17 , 17 , 16 , 274 , 55 , 54 , 87 , 66 , 72 , 90 , 59 , 72 , 159 , 92 , 45 , 58 , 88 , 79 , 53 , 62 , 50 , 64
"Clark/Lake (Elevated)",FF62361B,4 , 11 , 17 , 23 , 22 , 18 , 17 , 17 , 19 , 20 , 20 , 20 , 25 , 22 , 18 , 17 , 17 , 17 , 16 , 234 , 51 , 66 , 75 , 70 , 76 , 58 , 40 , 81 , 109 , 100 , 54 , 57 , 70 , 52 , 49 , 82 , 61 , 74
"Merchandise Mart",FF62361B,4 , 10 , 17 , 24 , 21 , 19 , 17 , 17 , 17 , 20 , 20 , 21 , 24 , 22 , 20 , 17 , 17 , 17 , 16 , 211 , 25 , 81 , 92 , 64 , 89 , 28 , 32 , 85 , 144 , 137 , 128 , 46 , 77 , 42 , 53 , 128 , 39 , 58
"Chicago-Brown",FF62361B,3 , 11 , 16 , 24 , 21 , 19 , 17 , 17 , 18 , 20 , 20 , 20 , 25 , 22 , 19 , 17 , 17 , 17 , 16 , 271 , 8 , 94 , 84 , 54 , 71 , 23 , 35 , 68 , 127 , 82 , 60 , 51 , 85 , 19 , 9 , 107 , 43 , 28
"Sedgwick",FF62361B,3 , 11 , 15 , 25 , 21 , 19 , 17 , 17 , 18 , 20 , 20 , 20 , 24 , 23 , 18 , 18 , 17 , 16 , 16 , 66 , 113 , 129 , 60 , 86 , 140 , 177 , 116 , 131 , 91 , 70 , 75 , 65 , 67 , 93 , 27 , 64 , 88 , 124
"Armitage",FF62361B,2 , 11 , 15 , 23 , 22 , 19 , 17 , 17 , 18 , 20 , 20 , 20 , 24 , 23 , 19 , 17 , 17 , 17 , 16 , 92 , 93 , 116 , 50 , 69 , 144 , 136 , 55 , 147 , 104 , 88 , 60 , 58 , 53 , 95 , 68 , 44 , 50 , 92
"Fullerton",FF62361B,2 , 11 , 15 , 23 , 22 , 19 , 17 , 17 , 17 , 20 , 20 , 20 , 24 , 23 , 20 , 17 , 17 , 17 , 16 , 58 , 52 , 87 , 41 , 31 , 119 , 109 , 42 , 103 , 104 , 75 , 54 , 69 , 58 , 73 , 43 , 103 , 67 , 67
"Diversey",FF62361B,2 , 10 , 15 , 23 , 23 , 19 , 17 , 17 , 17 , 20 , 20 , 20 , 23 , 24 , 20 , 17 , 17 , 17 , 16 , 60 , 88 , 89 , 40 , 54 , 144 , 144 , 41 , 159 , 137 , 90 , 57 , 77 , 51 , 77 , 61 , 77 , 21 , 112
"Wellington",FF62361B,2 , 10 , 15 , 23 , 23 , 19 , 17 , 17 , 17 , 20 , 20 , 20 , 23 , 24 , 19 , 18 , 17 , 17 , 16 , 67 , 87 , 127 , 34 , 64 , 149 , 152 , 45 , 125 , 117 , 68 , 57 , 80 , 39 , 77 , 53 , 94 , 85 , 102
"Belmont",FF62361B,4 , 14 , 16 , 23 , 22 , 19 , 18 , 17 , 18 , 19 , 20 , 20 , 24 , 23 , 19 , 18 , 17 , 17 , 16 , 37 , 57 , 78 , 44 , 67 , 75 , 107 , 49 , 99 , 77 , 56 , 86 , 47 , 52 , 87 , 38 , 42 , 149 , 86
"Southport",FF62361B,3 , 14 , 16 , 23 , 23 , 19 , 17 , 17 , 18 , 20 , 20 , 20 , 23 , 24 , 19 , 17 , 17 , 17 , 16 , 63 , 69 , 85 , 57 , 57 , 77 , 158 , 32 , 122 , 152 , 28 , 26 , 72 , 79 , 44 , 67 , 81 , 106 , 88
"Paulina",FF62361B,2 , 15 , 16 , 22 , 23 , 19 , 17 , 17 , 18 , 20 , 20 , 20 , 23 , 24 , 19 , 17 , 17 , 17 , 16 , 80 , 54 , 57 , 61 , 62 , 39 , 93 , 34 , 122 , 75 , 35 , 93 , 83 , 59 , 89 , 30 , 37 , 125 , 65
"Addison-Brown",FF62361B,2 , 14 , 17 , 22 , 23 , 19 , 17 , 17 , 17 , 20 , 20 , 20 , 22 , 25 , 20 , 17 , 17 , 17 , 16 , 85 , 34 , 91 , 76 , 84 , 18 , 98 , 21 , 79 , 107 , 15 , 110 , 65 , 85 , 96 , 33 , 31 , 99 , 54
"Irving Park-Brown",FF62361B,2 , 14 , 17 , 22 , 23 , 19 , 17 , 17 , 17 , 20 , 20 , 20 , 22 , 24 , 21 , 17 , 17 , 17 , 16 , 94 , 42 , 36 , 71 , 71 , 24 , 98 , 17 , 87 , 61 , 17 , 113 , 74 , 84 , 85 , 15 , 27 , 80 , 61
"Montrose-Brown",FF62361B,2 , 14 , 16 , 22 , 23 , 19 , 18 , 17 , 17 , 19 , 21 , 20 , 22 , 24 , 20 , 18 , 17 , 17 , 16 , 88 , 42 , 44 , 63 , 88 , 53 , 149 , 16 , 109 , 114 , 32 , 110 , 88 , 72 , 75 , 29 , 38 , 93 , 61
"Damen-Brown",FF62361B,2 , 13 , 16 , 23 , 23 , 19 , 18 , 17 , 17 , 19 , 20 , 20 , 22 , 25 , 20 , 18 , 17 , 17 , 16 , 126 , 41 , 134 , 65 , 72 , 51 , 176 , 39 , 141 , 164 , 8 , 130 , 63 , 64 , 73 , 45 , 36 , 96 , 46
"Western-Brown",FF62361B,2 , 13 , 16 , 23 , 23 , 19 , 18 , 17 , 17 , 19 , 20 , 20 , 22 , 25 , 20 , 18 , 17 , 17 , 16 , 167 , 24 , 120 , 71 , 108 , 102 , 131 , 20 , 72 , 132 , 9 , 127 , 63 , 30 , 71 , 27 , 27 , 100 , 46
"Rockwell",FF62361B,2 , 13 , 16 , 21 , 24 , 19 , 18 , 17 , 18 , 19 , 20 , 20 , 22 , 25 , 20 , 17 , 17 , 17 , 17 , 158 , 48 , 54 , 72 , 83 , 50 , 188 , 50 , 82 , 136 , 77 , 130 , 72 , 58 , 54 , 29 , 22 , 91 , 76
"Francisco",FF62361B,2 , 12 , 17 , 21 , 24 , 19 , 17 , 17 , 18 , 20 , 20 , 20 , 22 , 24 , 20 , 17 , 17 , 17 , 17 , 132 , 43 , 110 , 72 , 84 , 103 , 158 , 52 , 101 , 127 , 94 , 102 , 71 , 85 , 55 , 56 , 42 , 68 , 64
"Kedzie-Brown",FF62361B,2 , 12 , 17 , 20 , 23 , 20 , 17 , 17 , 18 , 20 , 20 , 20 , 21 , 25 , 20 , 17 , 17 , 17 , 17 , 74 , 55 , 78 , 98 , 82 , 45 , 169 , 46 , 98 , 142 , 55 , 101 , 79 , 69 , 81 , 57 , 59 , 84 , 70
"Kimball",FF62361B,1 , 13 , 16 , 20 , 24 , 19 , 18 , 17 , 17 , 19 , 20 , 20 , 22 , 25 , 20 , 18 , 17 , 17 , 16 , 0 , 0 , 0 , 0 , 0 , 0 , 0 , 0 , 0 , 0 , 0 , 0 , 0 , 0 , 0 , 0 , 0 , 0 , 0
"Midway",FFF9461C,13 , 16 , 17 , 18 , 17 , 17 , 17 , 17 , 17 , 17 , 19 , 20 , 20 , 18 , 17 , 14 , 14 , 12 , 10 , 23 , 7 , 12 , 23 , 39 , 23 , 23 , 29 , 28 , 33 , 83 , 104 , 82 , 43 , 32 , 23 , 22 , 23 , 13
"Pulaski-Orange",FFF9461C,13 , 16 , 17 , 17 , 17 , 17 , 17 , 17 , 17 , 17 , 20 , 20 , 19 , 18 , 17 , 15 , 13 , 13 , 10 , 26 , 87 , 8 , 44 , 26 , 0 , 37 , 1 , 12 , 0 , 113 , 6 , 113 , 4 , 42 , 0 , 56 , 0 , 0
"Kedzie-Orange",FFF9461C,13 , 16 , 17 , 17 , 17 , 17 , 17 , 17 , 17 , 17 , 20 , 20 , 19 , 18 , 17 , 15 , 13 , 13 , 10 , 14 , 24 , 12 , 61 , 51 , 0 , 0 , 135 , 5 , 0 , 14 , 80 , 5 , 10 , 12 , 0 , 46 , 31 , 3
"Western-Orange",FFF9461C,12 , 16 , 17 , 18 , 17 , 17 , 17 , 17 , 17 , 17 , 20 , 20 , 19 , 18 , 17 , 15 , 13 , 13 , 10 , 1 , 83 , 21 , 53 , 27 , 0 , 0 , 0 , 13 , 0 , 0 , 68 , 0 , 0 , 28 , 0 , 19 , 6 , 61
"35th/Archer",FFF9461C,12 , 15 , 17 , 16 , 17 , 17 , 17 , 17 , 17 , 17 , 20 , 20 , 19 , 18 , 17 , 16 , 14 , 13 , 11 , 26 , 6 , 96 , 20 , 8 , 10 , 19 , 82 , 53 , 10 , 0 , 42 , 103 , 28 , 41 , 25 , 25 , 76 , 54
"Ashland-Orange",FFF9461C,10 , 16 , 17 , 17 , 17 , 17 , 17 , 17 , 17 , 17 , 20 , 20 , 19 , 18 , 17 , 16 , 13 , 13 , 11 , 12 , 69 , 22 , 30 , 8 , 31 , 16 , 49 , 78 , 23 , 18 , 52 , 73 , 27 , 43 , 25 , 27 , 76 , 51
"Halsted-Orange",FFF9461C,10 , 15 , 17 , 18 , 17 , 17 , 17 , 17 , 17 , 17 , 19 , 20 , 20 , 18 , 17 , 15 , 13 , 13 , 12 , 12 , 23 , 22 , 30 , 24 , 31 , 16 , 140 , 85 , 31 , 40 , 52 , 66 , 17 , 36 , 25 , 57 , 90 , 51
"Roosevelt (Elevated)",FFF9461C,9 , 15 , 17 , 17 , 17 , 17 , 17 , 17 , 17 , 17 , 19 , 20 , 20 , 18 , 18 , 16 , 13 , 13 , 10 , 259 , 35 , 87 , 41 , 26 , 20 , 14 , 146 , 48 , 174 , 36 , 82 , 83 , 2 , 29 , 7 , 10 , 67 , 47
"Harold Washington Library",FFF9461C,9 , 14 , 17 , 17 , 17 , 17 , 17 , 17 , 17 , 17 , 19 , 20 , 20 , 18 , 17 , 17 , 14 , 13 , 10 , 100 , 240 , 115 , 33 , 34 , 12 , 4 , 224 , 44 , 76 , 30 , 13 , 78 , 3 , 4 , 25 , 43 , 42 , 84
"LaSalle/Van Buren",FFF9461C,9 , 14 , 17 , 17 , 17 , 17 , 17 , 17 , 17 , 17 , 19 , 20 , 20 , 18 , 17 , 17 , 14 , 13 , 10 , 80 , 82 , 85 , 44 , 24 , 13 , 5 , 213 , 66 , 0 , 13 , 83 , 91 , 8 , 16 , 12 , 44 , 62 , 21
"Quincy/Wells",FFF9461C,9 , 14 , 17 , 17 , 17 , 17 , 17 , 17 , 17 , 17 , 19 , 20 , 20 , 18 , 17 , 16 , 13 , 13 , 12 , 116 , 0 , 104 , 27 , 34 , 13 , 11 , 212 , 58 , 24 , 45 , 58 , 64 , 3 , 18 , 25 , 23 , 24 , 66
"Washington/Wells",FFF9461C,8 , 15 , 17 , 17 , 17 , 17 , 17 , 17 , 17 , 17 , 19 , 20 , 20 , 18 , 17 , 16 , 13 , 13 , 12 , 308 , 74 , 151 , 37 , 31 , 7 , 10 , 197 , 56 , 96 , 31 , 177 , 105 , 0 , 46 , 18 , 12 , 17 , 76
"Clark/Lake (Elevated)",FFF9461C,6 , 14 , 17 , 18 , 18 , 17 , 17 , 17 , 17 , 17 , 18 , 20 , 20 , 19 , 17 , 16 , 13 , 13 , 12 , 158 , 120 , 117 , 71 , 78 , 38 , 15 , 193 , 37 , 77 , 26 , 27 , 150 , 14 , 63 , 64 , 87 , 170 , 67
"State/Lake",FFF9461C,6 , 14 , 17 , 18 , 17 , 17 , 17 , 17 , 17 , 17 , 18 , 20 , 20 , 18 , 18 , 16 , 14 , 13 , 12 , 173 , 120 , 117 , 63 , 88 , 21 , 11 , 199 , 40 , 71 , 33 , 63 , 109 , 18 , 45 , 64 , 70 , 169 , 101
"Randolph/Wabash",FFF9461C,6 , 14 , 17 , 18 , 17 , 17 , 17 , 17 , 17 , 17 , 18 , 20 , 20 , 18 , 18 , 16 , 14 , 13 , 12 , 193 , 115 , 63 , 52 , 74 , 4 , 0 , 198 , 20 , 74 , 18 , 56 , 91 , 19 , 31 , 73 , 49 , 169 , 56
"Madison/Wabash",FFF9461C,6 , 14 , 17 , 18 , 17 , 17 , 17 , 17 , 17 , 17 , 18 , 20 , 20 , 18 , 18 , 16 , 14 , 13 , 12 , 177 , 113 , 55 , 33 , 77 , 70 , 3 , 199 , 36 , 70 , 7 , 61 , 103 , 15 , 35 , 79 , 17 , 84 , 53
"Adams/Wabash",FFF9461C,6 , 14 , 17 , 18 , 17 , 17 , 17 , 17 , 17 , 17 , 18 , 20 , 20 , 18 , 18 , 16 , 14 , 13 , 12 , 365 , 103 , 55 , 30 , 65 , 20 , 77 , 198 , 36 , 70 , 7 , 60 , 103 , 10 , 34 , 79 , 17 , 89 , 53
"Roosevelt (Elevated)",FFF9461C,6 , 14 , 16 , 17 , 18 , 17 , 17 , 17 , 17 , 17 , 18 , 20 , 20 , 19 , 17 , 17 , 13 , 13 , 13 , 238 , 104 , 37 , 86 , 63 , 19 , 67 , 222 , 91 , 34 , 4 , 49 , 90 , 49 , 7 , 135 , 31 , 163 , 37
"Halsted-Orange",FFF9461C,5 , 14 , 16 , 17 , 17 , 17 , 17 , 17 , 17 , 17 , 18 , 20 , 20 , 18 , 18 , 16 , 15 , 13 , 12 , 181 , 21 , 76 , 70 , 67 , 74 , 103 , 230 , 130 , 56 , 71 , 32 , 76 , 55 , 17 , 91 , 10 , 121 , 58
"Ashland-Orange",FFF9461C,4 , 14 , 17 , 16 , 18 , 17 , 17 , 17 , 17 , 17 , 18 , 19 , 20 , 19 , 18 , 16 , 15 , 13 , 11 , 156 , 22 , 66 , 72 , 67 , 74 , 185 , 203 , 70 , 42 , 39 , 42 , 77 , 78 , 20 , 8 , 10 , 147 , 49
"35th/Archer",FFF9461C,3 , 14 , 16 , 18 , 18 , 17 , 17 , 17 , 17 , 17 , 17 , 20 , 20 , 19 , 18 , 16 , 14 , 13 , 12 , 0 , 37 , 56 , 82 , 84 , 49 , 168 , 194 , 68 , 33 , 69 , 56 , 77 , 67 , 78 , 101 , 13 , 32 , 54
"Western-Orange",FFF9461C,3 , 13 , 17 , 17 , 17 , 17 , 17 , 17 , 17 , 17 , 18 , 20 , 20 , 19 , 17 , 17 , 14 , 13 , 13 , 0 , 47 , 57 , 93 , 129 , 37 , 183 , 228 , 101 , 157 , 0 , 52 , 90 , 57 , 90 , 0 , 21 , 42 , 40
"Kedzie-Orange",FFF9461C,2 , 14 , 17 , 16 , 17 , 17 , 17 , 17 , 17 , 17 , 18 , 19 , 20 , 19 , 18 , 17 , 15 , 13 , 13 , 0 , 36 , 46 , 89 , 123 , 7 , 247 , 196 , 70 , 81 , 60 , 46 , 87 , 47 , 68 , 23 , 50 , 43 , 47
"Pulaski-Orange",FFF9461C,2 , 14 , 15 , 17 , 18 , 17 , 17 , 17 , 17 , 17 , 17 , 20 , 20 , 19 , 18 , 17 , 15 , 13 , 13 , 0 , 106 , 49 , 71 , 112 , 27 , 88 , 159 , 122 , 166 , 0 , 69 , 100 , 77 , 63 , 30 , 60 , 49 , 50
"Midway",FFF9461C,2 , 13 , 16 , 17 , 18 , 17 , 17 , 17 , 17 , 17 , 17 , 20 , 20 , 19 , 18 , 16 , 15 , 13 , 13 , 0 , 0 , 0 , 0 , 0 , 0 , 0 , 0 , 0 , 0 , 0 , 0 , 0 , 0 , 0 , 0 , 0 , 0 , 0
"54th/Cermak",FFE27EA6,13 , 15 , 17 , 16 , 16 , 15 , 15 , 15 , 15 , 16 , 16 , 17 , 16 , 15 , 14 , 14 , 14 , 13 , 13 , 83 , 77 , 94 , 33 , 128 , 83 , 82 , 70 , 167 , 142 , 143 , 153 , 131 , 74 , 127 , 143 , 135 , 88 , 112
"Cicero-Cermak",FFE27EA6,13 , 15 , 16 , 17 , 16 , 15 , 15 , 15 , 15 , 16 , 16 , 17 , 16 , 15 , 14 , 14 , 14 , 13 , 13 , 61 , 63 , 115 , 86 , 112 , 61 , 61 , 61 , 151 , 131 , 122 , 218 , 121 , 67 , 111 , 116 , 119 , 115 , 121
"Kostner",FFE27EA6,13 , 15 , 16 , 17 , 16 , 15 , 15 , 15 , 15 , 16 , 16 , 17 , 16 , 15 , 14 , 14 , 14 , 13 , 13 , 82 , 29 , 87 , 20 , 76 , 83 , 83 , 109 , 173 , 142 , 143 , 22 , 103 , 74 , 127 , 110 , 115 , 109 , 93
"Pulaski-Cermak",FFE27EA6,13 , 14 , 16 , 17 , 16 , 15 , 15 , 15 , 15 , 16 , 16 , 17 , 16 , 15 , 14 , 14 , 14 , 14 , 13 , 74 , 97 , 59 , 11 , 141 , 91 , 91 , 138 , 184 , 91 , 91 , 52 , 148 , 86 , 68 , 86 , 89 , 89 , 88
"Central Park",FFE27EA6,13 , 14 , 16 , 17 , 16 , 15 , 15 , 15 , 15 , 16 , 16 , 17 , 16 , 15 , 14 , 14 , 14 , 14 , 13 , 82 , 43 , 62 , 113 , 193 , 0 , 83 , 160 , 218 , 142 , 71 , 28 , 121 , 124 , 91 , 110 , 122 , 116 , 67
"Kedzie-Cermak",FFE27EA6,12 , 15 , 16 , 15 , 16 , 15 , 15 , 15 , 15 , 16 , 16 , 17 , 17 , 15 , 15 , 14 , 14 , 14 , 12 , 82 , 63 , 101 , 114 , 179 , 74 , 160 , 133 , 188 , 71 , 74 , 11 , 123 , 90 , 112 , 86 , 110 , 133 , 40
"California-Cermak",FFE27EA6,12 , 14 , 16 , 16 , 16 , 15 , 15 , 15 , 15 , 16 , 16 , 17 , 16 , 15 , 15 , 14 , 14 , 14 , 13 , 74 , 71 , 82 , 109 , 187 , 121 , 92 , 212 , 196 , 54 , 207 , 5 , 106 , 87 , 92 , 66 , 110 , 110 , 90
"Western-Cermak",FFE27EA6,10 , 15 , 16 , 17 , 16 , 15 , 15 , 15 , 15 , 16 , 16 , 17 , 16 , 15 , 14 , 14 , 14 , 13 , 13 , 52 , 59 , 76 , 103 , 176 , 0 , 130 , 139 , 134 , 182 , 228 , 61 , 104 , 74 , 91 , 70 , 104 , 74 , 45
"Damen-Cermak",FFE27EA6,10 , 15 , 16 , 17 , 16 , 15 , 15 , 15 , 15 , 16 , 16 , 17 , 16 , 15 , 14 , 14 , 14 , 13 , 13 , 29 , 45 , 108 , 153 , 135 , 0 , 122 , 162 , 133 , 172 , 177 , 85 , 124 , 66 , 74 , 23 , 71 , 72 , 54
"18th",FFE27EA6,10 , 15 , 16 , 17 , 16 , 15 , 15 , 15 , 15 , 16 , 16 , 17 , 16 , 15 , 14 , 14 , 14 , 13 , 13 , 103 , 63 , 94 , 53 , 141 , 0 , 130 , 164 , 140 , 149 , 228 , 61 , 110 , 74 , 81 , 46 , 77 , 74 , 45
"Polk",FFE27EA6,10 , 14 , 15 , 17 , 17 , 15 , 15 , 15 , 15 , 16 , 16 , 16 , 17 , 15 , 14 , 14 , 14 , 14 , 13 , 34 , 33 , 96 , 60 , 115 , 143 , 100 , 171 , 162 , 112 , 162 , 104 , 84 , 112 , 54 , 31 , 84 , 49 , 68
"Ashland-Lake",FFE27EA6,9 , 14 , 16 , 16 , 16 , 15 , 15 , 15 , 15 , 16 , 16 , 17 , 16 , 16 , 15 , 14 , 14 , 14 , 13 , 411 , 56 , 145 , 78 , 143 , 181 , 196 , 149 , 173 , 147 , 58 , 119 , 94 , 109 , 116 , 166 , 182 , 167 , 140
"Clinton-Green",FFE27EA6,9 , 14 , 16 , 16 , 16 , 15 , 15 , 15 , 15 , 16 , 16 , 17 , 16 , 15 , 15 , 14 , 14 , 14 , 13 , 11 , 36 , 92 , 45 , 123 , 333 , 33 , 111 , 65 , 30 , 182 , 92 , 122 , 125 , 44 , 76 , 64 , 57 , 54
"Clinton-Green",FFE27EA6,6 , 13 , 16 , 16 , 16 , 16 , 15 , 15 , 15 , 15 , 16 , 17 , 16 , 16 , 15 , 14 , 14 , 14 , 13 , 69 , 105 , 175 , 51 , 117 , 139 , 144 , 89 , 53 , 43 , 88 , 46 , 95 , 133 , 139 , 80 , 87 , 66 , 27
"Ashland-Lake",FFE27EA6,4 , 13 , 15 , 17 , 17 , 15 , 15 , 15 , 15 , 16 , 16 , 16 , 17 , 15 , 15 , 14 , 14 , 14 , 13 , 166 , 246 , 51 , 66 , 105 , 2 , 219 , 183 , 213 , 188 , 133 , 58 , 164 , 109 , 74 , 83 , 65 , 72 , 187
"Polk",FFE27EA6,3 , 14 , 15 , 16 , 17 , 15 , 15 , 15 , 15 , 16 , 16 , 16 , 17 , 15 , 15 , 14 , 14 , 14 , 13 , 2 , 122 , 115 , 134 , 155 , 120 , 145 , 81 , 52 , 17 , 46 , 114 , 125 , 101 , 111 , 3 , 24 , 61 , 29
"18th",FFE27EA6,3 , 13 , 16 , 16 , 16 , 16 , 15 , 15 , 15 , 15 , 16 , 17 , 16 , 16 , 15 , 14 , 14 , 14 , 13 , 19 , 112 , 141 , 85 , 113 , 87 , 176 , 81 , 99 , 14 , 68 , 70 , 122 , 88 , 132 , 186 , 108 , 134 , 168
"Damen-Cermak",FFE27EA6,3 , 13 , 16 , 15 , 17 , 16 , 15 , 15 , 15 , 15 , 16 , 16 , 17 , 16 , 15 , 14 , 14 , 14 , 13 , 86 , 103 , 85 , 92 , 105 , 62 , 176 , 99 , 72 , 54 , 53 , 58 , 121 , 139 , 80 , 86 , 35 , 28 , 86
"Western-Cermak",FFE27EA6,3 , 13 , 15 , 16 , 17 , 16 , 15 , 15 , 15 , 15 , 16 , 16 , 17 , 16 , 15 , 14 , 14 , 14 , 13 , 170 , 91 , 111 , 104 , 118 , 73 , 174 , 97 , 105 , 87 , 129 , 94 , 144 , 125 , 106 , 54 , 64 , 108 , 80
"California-Cermak",FFE27EA6,3 , 13 , 15 , 16 , 17 , 16 , 15 , 15 , 15 , 15 , 16 , 16 , 17 , 16 , 15 , 14 , 14 , 14 , 13 , 156 , 114 , 136 , 85 , 126 , 81 , 179 , 90 , 88 , 145 , 99 , 89 , 130 , 110 , 147 , 43 , 39 , 92 , 77
"Kedzie-Cermak",FFE27EA6,3 , 13 , 14 , 16 , 17 , 16 , 15 , 15 , 15 , 15 , 16 , 16 , 17 , 15 , 16 , 14 , 14 , 14 , 14 , 195 , 97 , 111 , 66 , 124 , 84 , 265 , 86 , 107 , 174 , 97 , 57 , 110 , 121 , 81 , 101 , 37 , 149 , 130
"Central Park",FFE27EA6,3 , 13 , 14 , 16 , 16 , 16 , 15 , 15 , 15 , 16 , 16 , 16 , 16 , 16 , 15 , 15 , 14 , 14 , 14 , 210 , 115 , 99 , 84 , 98 , 58 , 261 , 81 , 147 , 181 , 69 , 78 , 113 , 89 , 100 , 88 , 52 , 104 , 203
"Pulaski-Cermak",FFE27EA6,0 , 14 , 15 , 16 , 16 , 16 , 15 , 15 , 15 , 15 , 16 , 16 , 17 , 16 , 15 , 14 , 14 , 14 , 13 , 126 , 99 , 101 , 88 , 102 , 81 , 244 , 82 , 139 , 79 , 75 , 69 , 112 , 132 , 62 , 112 , 24 , 83 , 91
"Kostner",FFE27EA6,0 , 13 , 15 , 16 , 17 , 16 , 15 , 15 , 15 , 15 , 16 , 16 , 17 , 16 , 15 , 14 , 14 , 14 , 13 , 133 , 148 , 87 , 92 , 100 , 98 , 233 , 101 , 114 , 105 , 78 , 92 , 124 , 111 , 35 , 26 , 50 , 62 , 84
"Cicero-Cermak",FFE27EA6,0 , 13 , 15 , 16 , 17 , 16 , 15 , 15 , 15 , 15 , 16 , 16 , 17 , 16 , 15 , 14 , 14 , 14 , 13 , 15 , 216 , 47 , 117 , 83 , 173 , 243 , 140 , 78 , 102 , 16 , 54 , 109 , 179 , 81 , 71 , 65 , 99 , 66
"54th/Cermak",FFE27EA6,0 , 13 , 15 , 16 , 17 , 16 , 15 , 15 , 15 , 15 , 16 , 16 , 17 , 16 , 15 , 14 , 14 , 14 , 13 , 0 , 0 , 0 , 0 , 0 , 0 , 0 , 0 , 0 , 0 , 0 , 0 , 0 , 0 , 0 , 0 , 0 , 0 , 0
"Harlem-Green",FF009B3A,7 , 15 , 17 , 17 , 16 , 15 , 15 , 16 , 16 , 17 , 19 , 18 , 18 , 17 , 14 , 14 , 14 , 12 , 12 , 1 , 15 , 10 , 88 , 16 , 1 , 22 , 27 , 11 , 22 , 22 , 1 , 9 , 1 , 21 , 1 , 1 , 14 , 45
"Oak Park-Green",FF009B3A,8 , 15 , 17 , 17 , 16 , 15 , 15 , 16 , 16 , 17 , 19 , 18 , 18 , 17 , 14 , 14 , 14 , 12 , 12 , 0 , 0 , 30 , 55 , 0 , 0 , 22 , 34 , 27 , 58 , 0 , 8 , 0 , 35 , 0 , 22 , 44 , 44 , 17
"Ridgeland",FF009B3A,8 , 15 , 16 , 18 , 16 , 15 , 15 , 16 , 16 , 17 , 18 , 19 , 18 , 17 , 14 , 14 , 14 , 12 , 12 , 0 , 0 , 8 , 66 , 28 , 0 , 0 , 21 , 28 , 56 , 0 , 63 , 9 , 68 , 0 , 0 , 12 , 26 , 7
"Austin-Green",FF009B3A,8 , 15 , 16 , 18 , 16 , 15 , 15 , 16 , 16 , 17 , 18 , 19 , 18 , 17 , 14 , 14 , 14 , 12 , 12 , 44 , 83 , 10 , 65 , 61 , 44 , 44 , 27 , 85 , 22 , 100 , 124 , 58 , 52 , 42 , 99 , 29 , 44 , 185
"Central-Green",FF009B3A,8 , 15 , 16 , 17 , 17 , 15 , 15 , 16 , 16 , 17 , 18 , 19 , 18 , 16 , 14 , 14 , 14 , 13 , 12 , 0 , 33 , 9 , 61 , 2 , 1 , 15 , 91 , 31 , 41 , 32 , 31 , 31 , 31 , 56 , 79 , 54 , 10 , 202
"Laramie",FF009B3A,8 , 15 , 16 , 17 , 17 , 15 , 15 , 16 , 16 , 17 , 18 , 18 , 19 , 16 , 14 , 14 , 14 , 13 , 12 , 23 , 54 , 120 , 91 , 28 , 23 , 0 , 46 , 75 , 52 , 83 , 123 , 69 , 66 , 70 , 54 , 2 , 7 , 205
"Cicero-Green",FF009B3A,7 , 15 , 16 , 18 , 16 , 16 , 15 , 15 , 16 , 16 , 19 , 18 , 18 , 17 , 15 , 14 , 14 , 13 , 12 , 1 , 29 , 104 , 113 , 17 , 23 , 272 , 160 , 58 , 31 , 57 , 61 , 59 , 20 , 54 , 34 , 168 , 142 , 194
"Pulaski-Green",FF009B3A,7 , 14 , 16 , 17 , 16 , 15 , 15 , 16 , 16 , 17 , 18 , 19 , 18 , 17 , 15 , 14 , 14 , 14 , 12 , 0 , 0 , 141 , 88 , 205 , 79 , 272 , 155 , 7 , 93 , 0 , 92 , 104 , 20 , 25 , 6 , 201 , 116 , 364
"Conservatory",FF009B3A,7 , 14 , 16 , 17 , 16 , 15 , 15 , 16 , 16 , 17 , 18 , 19 , 18 , 17 , 15 , 14 , 14 , 14 , 12 , 0 , 0 , 0 , 0 , 0 , 0 , 0 , 0 , 0 , 0 , 0 , 0 , 0 , 0 , 0 , 0 , 0 , 0 , 0
"Kedzie-Green",FF009B3A,6 , 14 , 16 , 17 , 17 , 15 , 15 , 16 , 16 , 17 , 18 , 18 , 19 , 17 , 14 , 14 , 14 , 12 , 12 , 424 , 179 , 110 , 186 , 252 , 33 , 0 , 191 , 125 , 191 , 23 , 97 , 90 , 177 , 74 , 49 , 157 , 75 , 397
"California-Green",FF009B3A,6 , 14 , 16 , 17 , 17 , 15 , 15 , 16 , 16 , 17 , 18 , 18 , 19 , 17 , 14 , 14 , 14 , 12 , 12 , 211 , 179 , 158 , 68 , 186 , 33 , 0 , 140 , 104 , 171 , 23 , 52 , 76 , 147 , 115 , 127 , 195 , 32 , 417
"35-Bronzeville-IIT",FF009B3A,3 , 13 , 15 , 18 , 17 , 15 , 15 , 15 , 16 , 17 , 17 , 18 , 19 , 18 , 14 , 14 , 14 , 14 , 12 , 84 , 164 , 104 , 93 , 100 , 9 , 125 , 61 , 24 , 87 , 54 , 88 , 73 , 112 , 149 , 26 , 94 , 43 , 125
"Indiana",FF009B3A,3 , 12 , 15 , 16 , 17 , 16 , 15 , 16 , 16 , 16 , 18 , 18 , 19 , 17 , 16 , 14 , 14 , 14 , 12 , 67 , 204 , 116 , 112 , 134 , 153 , 193 , 78 , 76 , 81 , 33 , 97 , 119 , 88 , 81 , 83 , 103 , 112 , 153
"43rd",FF009B3A,3 , 11 , 16 , 16 , 17 , 16 , 15 , 16 , 16 , 16 , 18 , 18 , 18 , 18 , 16 , 14 , 14 , 14 , 12 , 76 , 130 , 94 , 122 , 111 , 128 , 188 , 77 , 65 , 80 , 9 , 97 , 104 , 95 , 70 , 99 , 130 , 44 , 132
"47th-Green",FF009B3A,2 , 12 , 15 , 17 , 17 , 16 , 15 , 15 , 16 , 16 , 17 , 19 , 18 , 18 , 17 , 14 , 14 , 14 , 12 , 82 , 180 , 98 , 108 , 106 , 154 , 173 , 81 , 60 , 66 , 94 , 70 , 50 , 85 , 99 , 62 , 67 , 29 , 6
"51st",FF009B3A,2 , 12 , 15 , 17 , 17 , 16 , 15 , 15 , 16 , 16 , 17 , 19 , 18 , 18 , 16 , 14 , 14 , 14 , 13 , 80 , 99 , 90 , 123 , 98 , 123 , 178 , 91 , 46 , 82 , 8 , 58 , 52 , 84 , 71 , 95 , 25 , 38 , 3
"Garfield-Green",FF009B3A,2 , 12 , 15 , 16 , 18 , 16 , 15 , 15 , 16 , 16 , 17 , 18 , 19 , 18 , 16 , 14 , 14 , 14 , 13 , 222 , 194 , 80 , 94 , 79 , 128 , 383 , 69 , 54 , 54 , 50 , 141 , 112 , 67 , 56 , 87 , 49 , 82 , 0
"King Drive",FF009B3A,1 , 6 , 8 , 7 , 10 , 7 , 8 , 7 , 8 , 8 , 9 , 9 , 9 , 9 , 8 , 6 , 8 , 6 , 6 , 0 , 0 , 0 , 0 , 0 , 0 , 0 , 0 , 0 , 0 , 0 , 0 , 0 , 0 , 0 , 0 , 0 , 0 , 0
"East 63rd-Cottage Grove",FF009B3A,1 , 5 , 8 , 8 , 8 , 9 , 6 , 9 , 7 , 9 , 8 , 10 , 8 , 10 , 8 , 6 , 8 , 6 , 6 , 0 , 0 , 0 , 0 , 0 , 0 , 0 , 0 , 0 , 0 , 0 , 0 , 0 , 0 , 0 , 0 , 0 , 0 , 0
"Ashland/63rd",FF009B3A,6 , 8 , 8 , 8 , 7 , 9 , 6 , 9 , 7 , 9 , 9 , 10 , 9 , 9 , 8 , 6 , 6 , 6 , 6 , 541 , 163 , 466 , 138 , 662 , 841 , 811 , 781 , 332 , 121 , 402 , 201 , 108 , 529 , 361 , 361 , 481 , 81 , 52
"Halsted-Green",FF009B3A,6 , 8 , 7 , 9 , 7 , 9 , 6 , 9 , 7 , 9 , 9 , 10 , 8 , 10 , 7 , 7 , 6 , 6 , 6 , 563 , 184 , 489 , 165 , 699 , 863 , 863 , 773 , 363 , 153 , 423 , 216 , 158 , 558 , 403 , 382 , 502 , 102 , 23
"Garfield-Green",FF009B3A,8 , 15 , 16 , 16 , 16 , 15 , 15 , 15 , 16 , 17 , 19 , 18 , 19 , 17 , 17 , 14 , 12 , 12 , 12 , 36 , 114 , 74 , 124 , 115 , 170 , 91 , 68 , 90 , 78 , 173 , 73 , 99 , 81 , 37 , 0 , 415 , 145 , 158
"51st",FF009B3A,8 , 15 , 15 , 17 , 16 , 15 , 15 , 15 , 16 , 17 , 18 , 19 , 18 , 18 , 17 , 14 , 12 , 12 , 12 , 51 , 70 , 51 , 107 , 15 , 200 , 103 , 103 , 127 , 108 , 181 , 87 , 118 , 125 , 67 , 3 , 245 , 151 , 12
"47th-Green",FF009B3A,8 , 15 , 15 , 17 , 16 , 15 , 15 , 15 , 16 , 17 , 18 , 19 , 18 , 18 , 16 , 14 , 13 , 12 , 12 , 48 , 259 , 79 , 126 , 121 , 170 , 94 , 93 , 94 , 110 , 0 , 95 , 79 , 135 , 75 , 2 , 263 , 215 , 0
"43rd",FF009B3A,8 , 15 , 15 , 17 , 16 , 15 , 15 , 15 , 16 , 17 , 18 , 19 , 18 , 18 , 16 , 14 , 13 , 12 , 12 , 92 , 82 , 100 , 137 , 36 , 230 , 154 , 123 , 139 , 72 , 113 , 94 , 114 , 177 , 91 , 25 , 303 , 274 , 42
"Indiana",FF009B3A,7 , 15 , 16 , 16 , 16 , 16 , 15 , 15 , 16 , 17 , 18 , 18 , 19 , 17 , 16 , 15 , 13 , 12 , 12 , 102 , 29 , 92 , 175 , 57 , 320 , 193 , 168 , 168 , 140 , 26 , 64 , 110 , 103 , 147 , 48 , 378 , 155 , 106
"35-Bronzeville-IIT",FF009B3A,7 , 14 , 16 , 16 , 15 , 15 , 15 , 15 , 16 , 17 , 19 , 18 , 19 , 17 , 17 , 15 , 14 , 12 , 12 , 84 , 10 , 53 , 148 , 29 , 260 , 235 , 90 , 116 , 143 , 113 , 115 , 77 , 121 , 109 , 67 , 292 , 233 , 88
"California-Green",FF009B3A,3 , 13 , 15 , 16 , 17 , 16 , 15 , 15 , 15 , 16 , 18 , 18 , 19 , 18 , 17 , 15 , 13 , 12 , 12 , 367 , 31 , 111 , 92 , 76 , 94 , 178 , 193 , 168 , 235 , 193 , 89 , 88 , 125 , 138 , 51 , 78 , 300 , 189
"Kedzie-Green",FF009B3A,3 , 13 , 15 , 16 , 17 , 15 , 15 , 15 , 15 , 17 , 18 , 18 , 19 , 18 , 17 , 14 , 14 , 12 , 12 , 342 , 27 , 80 , 80 , 59 , 64 , 152 , 163 , 192 , 111 , 184 , 75 , 65 , 77 , 109 , 120 , 73 , 271 , 156
"Conservatory",FF009B3A,3 , 13 , 15 , 16 , 17 , 15 , 15 , 15 , 15 , 17 , 17 , 19 , 18 , 19 , 17 , 14 , 14 , 12 , 12 , 0 , 0 , 0 , 0 , 0 , 0 , 0 , 0 , 0 , 0 , 0 , 0 , 0 , 0 , 0 , 0 , 0 , 0 , 0
"Pulaski-Green",FF009B3A,3 , 12 , 15 , 16 , 16 , 15 , 15 , 15 , 16 , 17 , 17 , 19 , 18 , 19 , 17 , 15 , 14 , 12 , 12 , 329 , 25 , 118 , 88 , 44 , 21 , 181 , 169 , 166 , 184 , 284 , 126 , 87 , 64 , 108 , 55 , 89 , 270 , 184
"Cicero-Green",FF009B3A,2 , 12 , 15 , 16 , 16 , 16 , 15 , 15 , 16 , 16 , 18 , 18 , 19 , 18 , 17 , 16 , 14 , 12 , 12 , 199 , 193 , 128 , 112 , 87 , 5 , 79 , 69 , 93 , 231 , 165 , 79 , 115 , 95 , 43 , 123 , 37 , 187 , 84
"Laramie",FF009B3A,2 , 12 , 15 , 16 , 16 , 16 , 15 , 15 , 15 , 16 , 18 , 18 , 19 , 18 , 17 , 16 , 14 , 13 , 12 , 199 , 99 , 87 , 65 , 99 , 15 , 82 , 76 , 96 , 215 , 140 , 62 , 116 , 109 , 92 , 99 , 66 , 198 , 134
"Central-Green",FF009B3A,1 , 13 , 15 , 16 , 16 , 16 , 15 , 15 , 15 , 16 , 17 , 19 , 18 , 19 , 17 , 16 , 14 , 13 , 12 , 172 , 77 , 122 , 63 , 107 , 17 , 102 , 87 , 102 , 207 , 146 , 72 , 109 , 111 , 70 , 64 , 103 , 290 , 160
"Austin-Green",FF009B3A,1 , 13 , 15 , 16 , 16 , 16 , 15 , 15 , 15 , 16 , 17 , 19 , 18 , 19 , 17 , 16 , 14 , 13 , 12 , 164 , 76 , 33 , 71 , 90 , 2 , 96 , 96 , 125 , 200 , 188 , 73 , 106 , 58 , 73 , 57 , 133 , 263 , 183
"Ridgeland",FF009B3A,1 , 13 , 15 , 16 , 16 , 15 , 15 , 15 , 15 , 17 , 17 , 19 , 18 , 18 , 18 , 15 , 14 , 14 , 12 , 123 , 213 , 120 , 97 , 90 , 15 , 74 , 75 , 70 , 133 , 170 , 107 , 100 , 130 , 83 , 84 , 185 , 190 , 149
"Oak Park-Green",FF009B3A,1 , 13 , 15 , 16 , 16 , 15 , 15 , 15 , 15 , 17 , 17 , 18 , 19 , 18 , 18 , 15 , 14 , 14 , 12 , 154 , 86 , 66 , 81 , 141 , 22 , 92 , 103 , 124 , 167 , 152 , 111 , 99 , 42 , 72 , 76 , 72 , 219 , 195
"East 63rd-Cottage Grove",FF009B3A,5 , 7 , 8 , 8 , 9 , 6 , 9 , 6 , 9 , 8 , 9 , 9 , 10 , 8 , 9 , 6 , 8 , 6 , 6 , 281 , 224 , 354 , 97 , 735 , 0 , 863 , 835 , 338 , 262 , 383 , 94 , 115 , 454 , 382 , 503 , 412 , 22 , 33
"King Drive",FF009B3A,3 , 8 , 8 , 8 , 7 , 9 , 6 , 9 , 8 , 9 , 8 , 10 , 9 , 9 , 8 , 7 , 8 , 6 , 6 , 281 , 238 , 368 , 110 , 648 , 884 , 884 , 842 , 420 , 229 , 404 , 188 , 78 , 412 , 481 , 343 , 396 , 43 , 23
"Howard",FFC60C30,15 , 20 , 27 , 26 , 22 , 23 , 23 , 24 , 23 , 26 , 26 , 26 , 26 , 24 , 22 , 22 , 21 , 21 , 19 , 98 , 124 , 99 , 98 , 139 , 113 , 68 , 79 , 48 , 138 , 143 , 98 , 54 , 63 , 79 , 56 , 62 , 92 , 67
"Jarvis",FFC60C30,18 , 20 , 26 , 26 , 23 , 22 , 24 , 24 , 23 , 25 , 26 , 27 , 26 , 24 , 22 , 22 , 21 , 21 , 19 , 7 , 28 , 22 , 31 , 41 , 14 , 29 , 33 , 29 , 22 , 1 , 32 , 9 , 19 , 14 , 29 , 47 , 19 , 0
"Morse",FFC60C30,18 , 20 , 26 , 26 , 23 , 22 , 24 , 23 , 24 , 25 , 26 , 27 , 25 , 25 , 22 , 22 , 21 , 21 , 19 , 0 , 58 , 30 , 28 , 14 , 1 , 1 , 29 , 7 , 0 , 31 , 19 , 32 , 28 , 22 , 0 , 0 , 26 , 100
"Loyola",FFC60C30,18 , 20 , 25 , 27 , 23 , 22 , 24 , 23 , 24 , 24 , 27 , 26 , 26 , 24 , 22 , 22 , 22 , 21 , 19 , 29 , 75 , 42 , 45 , 71 , 0 , 48 , 61 , 36 , 0 , 49 , 36 , 22 , 20 , 71 , 7 , 25 , 29 , 100
"Granville",FFC60C30,17 , 19 , 27 , 26 , 21 , 24 , 22 , 24 , 23 , 26 , 26 , 26 , 26 , 24 , 22 , 23 , 22 , 21 , 20 , 11 , 47 , 66 , 44 , 10 , 53 , 45 , 7 , 21 , 0 , 53 , 41 , 55 , 32 , 55 , 0 , 74 , 66 , 127
"Thorndale",FFC60C30,16 , 20 , 26 , 27 , 21 , 23 , 23 , 24 , 23 , 25 , 26 , 27 , 26 , 24 , 22 , 22 , 22 , 22 , 20 , 11 , 73 , 28 , 54 , 63 , 23 , 36 , 17 , 34 , 58 , 12 , 53 , 47 , 44 , 62 , 0 , 74 , 66 , 130
"Bryn Mawr",FFC60C30,16 , 20 , 26 , 27 , 21 , 22 , 24 , 24 , 23 , 25 , 26 , 27 , 26 , 24 , 22 , 22 , 22 , 21 , 21 , 4 , 70 , 35 , 78 , 78 , 0 , 74 , 69 , 34 , 42 , 72 , 41 , 38 , 73 , 30 , 12 , 23 , 19 , 134
"Berwyn",FFC60C30,15 , 20 , 25 , 27 , 23 , 22 , 24 , 23 , 24 , 24 , 27 , 27 , 26 , 24 , 22 , 22 , 21 , 21 , 19 , 9 , 53 , 62 , 43 , 30 , 0 , 23 , 28 , 43 , 57 , 6 , 44 , 52 , 61 , 72 , 0 , 25 , 68 , 48
"Argyle",FFC60C30,15 , 19 , 25 , 28 , 23 , 22 , 24 , 23 , 24 , 24 , 26 , 26 , 26 , 26 , 22 , 22 , 21 , 21 , 19 , 182 , 82 , 37 , 39 , 85 , 0 , 22 , 21 , 38 , 78 , 48 , 31 , 64 , 60 , 43 , 31 , 23 , 61 , 58
"Lawrence",FFC60C30,15 , 19 , 25 , 27 , 23 , 23 , 23 , 24 , 24 , 24 , 26 , 26 , 26 , 25 , 22 , 23 , 21 , 21 , 19 , 128 , 79 , 44 , 50 , 59 , 223 , 19 , 15 , 49 , 67 , 52 , 35 , 72 , 28 , 53 , 13 , 38 , 21 , 92
"Wilson",FFC60C30,15 , 19 , 25 , 27 , 23 , 22 , 23 , 25 , 23 , 24 , 27 , 26 , 26 , 24 , 23 , 22 , 22 , 21 , 19 , 123 , 58 , 52 , 69 , 118 , 193 , 46 , 69 , 66 , 52 , 23 , 14 , 46 , 29 , 59 , 3 , 19 , 66 , 117
"Sheridan",FFC60C30,14 , 20 , 24 , 28 , 21 , 22 , 24 , 23 , 24 , 25 , 25 , 27 , 26 , 25 , 22 , 22 , 22 , 21 , 21 , 85 , 44 , 65 , 60 , 132 , 87 , 89 , 92 , 65 , 50 , 12 , 16 , 52 , 32 , 37 , 32 , 38 , 35 , 112
"Addison-Red",FFC60C30,12 , 19 , 24 , 28 , 23 , 23 , 23 , 24 , 24 , 24 , 26 , 26 , 27 , 25 , 22 , 22 , 22 , 21 , 20 , 93 , 41 , 53 , 51 , 125 , 89 , 63 , 64 , 65 , 71 , 55 , 58 , 51 , 22 , 61 , 43 , 57 , 68 , 41
"Belmont",FFC60C30,12 , 19 , 23 , 29 , 23 , 22 , 24 , 24 , 23 , 24 , 26 , 27 , 26 , 24 , 23 , 22 , 22 , 21 , 19 , 73 , 40 , 35 , 40 , 114 , 109 , 54 , 76 , 50 , 49 , 44 , 76 , 67 , 29 , 56 , 39 , 49 , 50 , 36
"Fullerton",FFC60C30,11 , 19 , 24 , 28 , 22 , 22 , 24 , 23 , 24 , 25 , 25 , 27 , 26 , 25 , 22 , 23 , 22 , 21 , 20 , 64 , 57 , 75 , 62 , 146 , 75 , 70 , 54 , 53 , 110 , 39 , 42 , 65 , 29 , 90 , 107 , 60 , 39 , 59
"North/Clybourn",FFC60C30,11 , 19 , 23 , 29 , 21 , 23 , 23 , 24 , 24 , 24 , 26 , 26 , 27 , 25 , 22 , 22 , 22 , 21 , 21 , 64 , 64 , 82 , 46 , 125 , 80 , 71 , 50 , 62 , 71 , 72 , 48 , 72 , 18 , 80 , 89 , 61 , 27 , 69
"Clark/Division",FFC60C30,11 , 19 , 22 , 29 , 22 , 23 , 23 , 24 , 23 , 24 , 25 , 27 , 26 , 25 , 24 , 22 , 22 , 21 , 20 , 56 , 68 , 71 , 51 , 116 , 62 , 159 , 77 , 61 , 46 , 41 , 29 , 41 , 29 , 64 , 44 , 36 , 29 , 91
"Chicago-Red",FFC60C30,8 , 19 , 23 , 28 , 24 , 22 , 23 , 23 , 24 , 24 , 26 , 27 , 26 , 25 , 23 , 22 , 22 , 21 , 20 , 4 , 79 , 70 , 47 , 133 , 85 , 157 , 68 , 60 , 32 , 18 , 96 , 50 , 36 , 45 , 40 , 70 , 15 , 80
"Grand-Red",FFC60C30,8 , 19 , 22 , 29 , 23 , 22 , 24 , 23 , 24 , 24 , 26 , 26 , 27 , 25 , 22 , 23 , 22 , 21 , 20 , 39 , 99 , 93 , 46 , 116 , 67 , 57 , 78 , 86 , 52 , 14 , 100 , 53 , 50 , 75 , 23 , 56 , 13 , 71
"Lake",FFC60C30,8 , 19 , 22 , 29 , 22 , 23 , 23 , 24 , 24 , 24 , 26 , 26 , 27 , 24 , 23 , 22 , 22 , 21 , 21 , 6 , 93 , 104 , 52 , 132 , 62 , 66 , 74 , 71 , 15 , 53 , 70 , 50 , 68 , 55 , 39 , 88 , 31 , 72
"Monroe-Red",FFC60C30,8 , 19 , 22 , 28 , 23 , 23 , 23 , 24 , 23 , 24 , 25 , 27 , 27 , 25 , 23 , 22 , 22 , 21 , 21 , 3 , 120 , 88 , 56 , 131 , 86 , 0 , 78 , 36 , 18 , 16 , 79 , 45 , 51 , 57 , 30 , 50 , 29 , 61
"Jackson-Red",FFC60C30,8 , 19 , 21 , 29 , 23 , 23 , 23 , 24 , 23 , 24 , 25 , 27 , 25 , 27 , 23 , 22 , 22 , 21 , 20 , 117 , 96 , 87 , 70 , 107 , 86 , 54 , 82 , 78 , 38 , 40 , 79 , 44 , 68 , 70 , 63 , 73 , 30 , 82
"Harrison",FFC60C30,8 , 19 , 21 , 29 , 23 , 21 , 24 , 23 , 24 , 24 , 25 , 27 , 26 , 25 , 24 , 22 , 22 , 21 , 21 , 51 , 104 , 108 , 62 , 129 , 104 , 86 , 112 , 47 , 34 , 33 , 72 , 68 , 63 , 34 , 52 , 61 , 43 , 89
"Roosevelt (Subway)",FFC60C30,7 , 19 , 22 , 28 , 24 , 21 , 23 , 23 , 24 , 24 , 26 , 27 , 26 , 25 , 23 , 22 , 23 , 21 , 21 , 0 , 105 , 98 , 69 , 83 , 88 , 137 , 84 , 54 , 34 , 32 , 79 , 62 , 37 , 30 , 31 , 73 , 54 , 82
"Cermak-Chinatown",FFC60C30,7 , 17 , 21 , 28 , 24 , 23 , 23 , 24 , 23 , 24 , 25 , 27 , 27 , 25 , 23 , 22 , 22 , 21 , 21 , 48 , 134 , 99 , 42 , 64 , 76 , 26 , 88 , 33 , 30 , 57 , 111 , 46 , 79 , 51 , 33 , 62 , 65 , 67
"Sox-35th",FFC60C30,4 , 19 , 21 , 28 , 24 , 22 , 23 , 23 , 25 , 23 , 25 , 26 , 27 , 25 , 24 , 23 , 22 , 21 , 21 , 109 , 140 , 90 , 57 , 57 , 90 , 44 , 107 , 124 , 20 , 83 , 88 , 66 , 69 , 55 , 48 , 39 , 60 , 74
"47th-Red",FFC60C30,4 , 18 , 20 , 27 , 25 , 23 , 23 , 24 , 23 , 24 , 25 , 27 , 26 , 26 , 23 , 22 , 23 , 22 , 21 , 59 , 127 , 88 , 46 , 72 , 65 , 16 , 70 , 101 , 25 , 88 , 106 , 65 , 48 , 95 , 39 , 66 , 107 , 93
"Garfield-Red",FFC60C30,4 , 18 , 20 , 26 , 25 , 23 , 23 , 23 , 24 , 23 , 25 , 27 , 26 , 26 , 24 , 22 , 22 , 21 , 21 , 14 , 127 , 79 , 59 , 58 , 58 , 67 , 70 , 106 , 37 , 72 , 102 , 62 , 35 , 83 , 33 , 79 , 83 , 67
"63rd",FFC60C30,3 , 17 , 20 , 28 , 25 , 22 , 22 , 24 , 25 , 23 , 25 , 26 , 27 , 25 , 25 , 22 , 22 , 21 , 21 , 21 , 137 , 78 , 58 , 91 , 69 , 65 , 90 , 113 , 54 , 53 , 116 , 56 , 78 , 68 , 45 , 81 , 55 , 49
"69th",FFC60C30,3 , 17 , 20 , 27 , 26 , 22 , 22 , 24 , 23 , 24 , 25 , 27 , 26 , 26 , 24 , 22 , 22 , 22 , 21 , 56 , 124 , 51 , 59 , 81 , 55 , 69 , 68 , 84 , 57 , 36 , 96 , 78 , 58 , 50 , 37 , 108 , 86 , 50
"79th",FFC60C30,0 , 18 , 20 , 26 , 26 , 23 , 22 , 24 , 24 , 23 , 25 , 26 , 27 , 26 , 24 , 22 , 22 , 21 , 21 , 58 , 161 , 48 , 48 , 85 , 41 , 60 , 44 , 79 , 76 , 55 , 87 , 76 , 58 , 80 , 92 , 132 , 79 , 90
"87th",FFC60C30,0 , 18 , 20 , 25 , 27 , 22 , 22 , 24 , 23 , 25 , 24 , 26 , 27 , 25 , 25 , 23 , 22 , 21 , 21 , 53 , 143 , 79 , 70 , 98 , 24 , 58 , 34 , 88 , 36 , 94 , 106 , 61 , 44 , 72 , 25 , 92 , 12 , 72
"95th",FFC60C30,0 , 17 , 19 , 26 , 27 , 21 , 24 , 22 , 24 , 23 , 25 , 27 , 26 , 26 , 24 , 23 , 22 , 22 , 21 , 0 , 0 , 0 , 0 , 0 , 0 , 0 , 0 , 0 , 0 , 0 , 0 , 0 , 0 , 0 , 0 , 0 , 0 , 0
"95th",FFC60C30,17 , 21 , 21 , 22 , 23 , 22 , 24 , 24 , 23 , 24 , 26 , 32 , 29 , 23 , 23 , 22 , 21 , 21 , 20 , 0 , 63 , 51 , 1 , 34 , 1 , 1 , 0 , 13 , 11 , 2 , 83 , 94 , 17 , 5 , 0 , 0 , 14 , 61
"87th",FFC60C30,15 , 21 , 22 , 21 , 23 , 23 , 23 , 23 , 24 , 24 , 27 , 31 , 29 , 24 , 23 , 22 , 21 , 21 , 20 , 7 , 48 , 44 , 0 , 28 , 2 , 1 , 5 , 29 , 1 , 53 , 54 , 52 , 31 , 3 , 44 , 24 , 19 , 14
"79th",FFC60C30,15 , 21 , 20 , 22 , 24 , 22 , 23 , 24 , 24 , 24 , 26 , 30 , 30 , 24 , 23 , 22 , 21 , 20 , 20 , 0 , 50 , 31 , 24 , 10 , 91 , 1 , 0 , 0 , 53 , 91 , 33 , 29 , 63 , 56 , 85 , 82 , 1 , 23
"69th",FFC60C30,15 , 20 , 21 , 21 , 23 , 22 , 24 , 24 , 24 , 24 , 26 , 30 , 30 , 24 , 23 , 22 , 21 , 21 , 20 , 172 , 84 , 39 , 98 , 51 , 51 , 235 , 118 , 82 , 105 , 42 , 102 , 70 , 127 , 147 , 121 , 88 , 62 , 81
"63rd",FFC60C30,14 , 21 , 20 , 22 , 22 , 22 , 24 , 23 , 24 , 24 , 26 , 29 , 32 , 24 , 23 , 22 , 22 , 21 , 20 , 157 , 139 , 115 , 109 , 93 , 21 , 235 , 86 , 86 , 129 , 44 , 102 , 89 , 103 , 43 , 91 , 78 , 0 , 96
"Garfield-Red",FFC60C30,13 , 19 , 22 , 22 , 22 , 23 , 23 , 24 , 23 , 24 , 26 , 29 , 31 , 25 , 22 , 23 , 21 , 21 , 20 , 346 , 104 , 83 , 43 , 55 , 24 , 106 , 139 , 158 , 107 , 42 , 103 , 61 , 125 , 108 , 80 , 68 , 63 , 47
"47th-Red",FFC60C30,12 , 20 , 20 , 22 , 23 , 22 , 25 , 23 , 24 , 24 , 25 , 30 , 31 , 24 , 23 , 22 , 21 , 21 , 20 , 210 , 107 , 92 , 66 , 111 , 78 , 219 , 50 , 105 , 99 , 27 , 81 , 58 , 112 , 122 , 100 , 58 , 102 , 73
"Sox-35th",FFC60C30,11 , 20 , 21 , 22 , 21 , 23 , 23 , 24 , 23 , 24 , 27 , 28 , 31 , 25 , 23 , 22 , 22 , 21 , 20 , 178 , 145 , 137 , 49 , 88 , 45 , 185 , 111 , 111 , 43 , 4 , 75 , 52 , 79 , 101 , 57 , 73 , 111 , 52
"Cermak-Chinatown",FFC60C30,11 , 19 , 20 , 22 , 23 , 22 , 24 , 23 , 24 , 24 , 25 , 29 , 31 , 25 , 23 , 22 , 22 , 21 , 20 , 68 , 83 , 51 , 65 , 81 , 62 , 120 , 65 , 62 , 66 , 76 , 74 , 48 , 152 , 52 , 85 , 41 , 106 , 71
"Roosevelt (Subway)",FFC60C30,8 , 20 , 21 , 21 , 23 , 23 , 22 , 24 , 23 , 25 , 26 , 27 , 33 , 25 , 24 , 22 , 21 , 21 , 20 , 171 , 68 , 90 , 80 , 73 , 61 , 166 , 69 , 49 , 65 , 75 , 78 , 52 , 113 , 95 , 77 , 91 , 96 , 74
"Harrison",FFC60C30,8 , 20 , 21 , 21 , 22 , 24 , 22 , 24 , 23 , 24 , 25 , 29 , 31 , 26 , 23 , 22 , 22 , 21 , 20 , 112 , 48 , 77 , 112 , 79 , 49 , 181 , 63 , 120 , 71 , 43 , 69 , 55 , 104 , 97 , 66 , 57 , 90 , 81
"Jackson-Red",FFC60C30,8 , 20 , 20 , 22 , 22 , 23 , 23 , 24 , 23 , 24 , 25 , 28 , 32 , 25 , 24 , 22 , 22 , 21 , 20 , 128 , 79 , 75 , 96 , 69 , 91 , 163 , 80 , 114 , 69 , 47 , 69 , 60 , 113 , 133 , 122 , 80 , 39 , 64
"Monroe-Red",FFC60C30,8 , 20 , 20 , 22 , 22 , 23 , 23 , 23 , 24 , 24 , 25 , 28 , 32 , 25 , 23 , 23 , 22 , 21 , 20 , 68 , 69 , 96 , 114 , 55 , 48 , 163 , 48 , 104 , 62 , 86 , 66 , 43 , 123 , 131 , 56 , 68 , 38 , 49
"Lake",FFC60C30,8 , 18 , 21 , 21 , 23 , 23 , 24 , 23 , 24 , 23 , 26 , 27 , 32 , 26 , 23 , 22 , 23 , 21 , 20 , 251 , 98 , 90 , 128 , 83 , 67 , 135 , 80 , 116 , 55 , 70 , 36 , 57 , 116 , 126 , 58 , 64 , 23 , 59
"Grand-Red",FFC60C30,7 , 19 , 21 , 21 , 22 , 23 , 22 , 24 , 25 , 23 , 25 , 28 , 32 , 27 , 23 , 22 , 21 , 21 , 21 , 129 , 75 , 84 , 87 , 87 , 71 , 139 , 20 , 113 , 71 , 76 , 54 , 45 , 81 , 150 , 49 , 92 , 37 , 50
"Chicago-Red",FFC60C30,7 , 19 , 21 , 21 , 22 , 23 , 22 , 24 , 23 , 24 , 25 , 28 , 33 , 27 , 23 , 22 , 21 , 21 , 21 , 129 , 92 , 75 , 102 , 73 , 69 , 123 , 28 , 115 , 58 , 54 , 76 , 48 , 100 , 155 , 39 , 100 , 101 , 52
"Clark/Division",FFC60C30,7 , 17 , 21 , 22 , 22 , 24 , 22 , 23 , 24 , 24 , 25 , 28 , 31 , 26 , 24 , 22 , 22 , 21 , 20 , 60 , 49 , 86 , 72 , 45 , 21 , 17 , 40 , 54 , 81 , 124 , 61 , 43 , 81 , 179 , 9 , 22 , 53 , 62
"North/Clybourn",FFC60C30,7 , 17 , 21 , 21 , 22 , 23 , 24 , 23 , 24 , 23 , 25 , 27 , 33 , 26 , 23 , 23 , 22 , 21 , 20 , 109 , 43 , 83 , 58 , 58 , 30 , 25 , 67 , 68 , 77 , 84 , 51 , 44 , 73 , 185 , 9 , 120 , 43 , 53
"Fullerton",FFC60C30,4 , 20 , 20 , 22 , 22 , 22 , 22 , 24 , 23 , 25 , 24 , 28 , 32 , 28 , 23 , 22 , 22 , 21 , 21 , 54 , 67 , 97 , 74 , 76 , 65 , 42 , 75 , 59 , 74 , 69 , 35 , 62 , 64 , 162 , 24 , 88 , 59 , 73
"Belmont",FFC60C30,4 , 18 , 21 , 21 , 22 , 24 , 22 , 23 , 24 , 24 , 24 , 28 , 31 , 27 , 25 , 22 , 21 , 21 , 21 , 46 , 49 , 80 , 78 , 58 , 34 , 90 , 49 , 86 , 43 , 104 , 39 , 46 , 57 , 130 , 116 , 123 , 58 , 20
"Addison-Red",FFC60C30,4 , 18 , 21 , 20 , 22 , 23 , 24 , 23 , 24 , 23 , 25 , 27 , 32 , 27 , 23 , 23 , 22 , 21 , 20 , 54 , 63 , 81 , 110 , 95 , 114 , 78 , 52 , 63 , 71 , 134 , 73 , 51 , 55 , 105 , 73 , 107 , 107 , 60
"Sheridan",FFC60C30,3 , 19 , 20 , 21 , 21 , 23 , 23 , 24 , 23 , 24 , 25 , 26 , 32 , 28 , 24 , 23 , 22 , 21 , 20 , 159 , 20 , 103 , 92 , 52 , 113 , 59 , 78 , 65 , 156 , 53 , 56 , 45 , 50 , 102 , 106 , 106 , 104 , 45
"Wilson",FFC60C30,3 , 17 , 21 , 21 , 22 , 23 , 22 , 23 , 24 , 23 , 25 , 28 , 30 , 29 , 24 , 22 , 22 , 21 , 21 , 271 , 47 , 73 , 90 , 101 , 141 , 84 , 98 , 78 , 87 , 61 , 99 , 49 , 42 , 90 , 123 , 38 , 45 , 70
"Lawrence",FFC60C30,3 , 16 , 21 , 21 , 22 , 24 , 22 , 23 , 24 , 23 , 25 , 26 , 32 , 29 , 23 , 23 , 22 , 21 , 21 , 52 , 57 , 84 , 65 , 86 , 123 , 77 , 72 , 59 , 100 , 1 , 51 , 55 , 51 , 94 , 143 , 59 , 60 , 27
"Argyle",FFC60C30,3 , 16 , 21 , 21 , 21 , 24 , 22 , 24 , 24 , 23 , 25 , 26 , 31 , 28 , 24 , 23 , 22 , 21 , 21 , 284 , 52 , 75 , 83 , 110 , 90 , 60 , 71 , 60 , 77 , 131 , 79 , 38 , 68 , 80 , 102 , 29 , 116 , 33
"Berwyn",FFC60C30,3 , 16 , 20 , 22 , 21 , 23 , 23 , 24 , 23 , 24 , 25 , 26 , 31 , 28 , 24 , 23 , 22 , 21 , 21 , 264 , 49 , 81 , 82 , 129 , 100 , 54 , 50 , 77 , 80 , 45 , 59 , 39 , 59 , 75 , 106 , 34 , 111 , 68
"Bryn Mawr",FFC60C30,0 , 18 , 21 , 20 , 22 , 23 , 23 , 24 , 23 , 24 , 23 , 28 , 30 , 30 , 24 , 23 , 22 , 21 , 20 , 239 , 28 , 70 , 96 , 114 , 87 , 77 , 78 , 66 , 52 , 21 , 72 , 41 , 63 , 89 , 100 , 55 , 98 , 45
"Thorndale",FFC60C30,0 , 18 , 21 , 20 , 22 , 23 , 22 , 23 , 24 , 25 , 23 , 27 , 30 , 30 , 24 , 22 , 22 , 21 , 21 , 221 , 28 , 61 , 83 , 84 , 79 , 95 , 69 , 58 , 75 , 0 , 73 , 63 , 63 , 82 , 44 , 33 , 90 , 44
"Granville",FFC60C30,0 , 18 , 21 , 20 , 22 , 23 , 22 , 23 , 24 , 23 , 25 , 27 , 30 , 29 , 25 , 22 , 22 , 21 , 21 , 268 , 7 , 26 , 78 , 80 , 44 , 88 , 71 , 56 , 49 , 0 , 59 , 42 , 59 , 93 , 44 , 33 , 88 , 91
"Loyola",FFC60C30,0 , 18 , 20 , 21 , 21 , 23 , 22 , 24 , 24 , 23 , 25 , 26 , 30 , 30 , 24 , 23 , 22 , 21 , 21 , 243 , 17 , 105 , 85 , 89 , 75 , 57 , 81 , 27 , 128 , 26 , 60 , 68 , 53 , 89 , 60 , 51 , 57 , 88
"Morse",FFC60C30,0 , 15 , 21 , 21 , 22 , 22 , 24 , 23 , 23 , 24 , 23 , 27 , 30 , 31 , 24 , 23 , 22 , 21 , 21 , 256 , 20 , 48 , 67 , 121 , 81 , 36 , 87 , 67 , 81 , 64 , 36 , 39 , 42 , 84 , 77 , 45 , 78 , 90
